1	11
2	69
3	201
4	1
5	1
6	11
7	17
8	11
9	105
10	201
11	330
12	12
13	201
14	330
15	121
16	1
17	11
18	17
19	17
20	126
21	201
22	250
23	121
24	521
25	174
26	69
27	308
28	29
29	29
30	52
31	162
32	1
33	583
34	12
35	69
36	250
37	250
38	250
39	573
40	521
41	441
42	11
43	478
44	126
45	126
46	126
47	706
48	11
49	177
50	583
51	1114
52	201
53	1
54	162
55	162
56	105
57	370
58	12
59	8
60	179
61	179
62	165
63	1062
64	11
65	336
66	11
67	11
68	1
69	1
70	29
71	143
72	177
73	441
74	177
75	11
76	17
77	126
78	766
79	766
80	11
81	178
82	362
83	362
84	69
85	69
86	121
87	121
88	1
89	121
90	12
91	459
92	12
93	201
94	643
95	46
96	11
97	162
98	105
99	12
100	156
101	31
102	739
103	1003
104	29
105	1156
106	126
107	472
108	288
109	288
110	285
111	371
112	8
113	652
114	887
115	887
116	17
117	17
118	617
119	617
120	113
121	506
122	52
123	562
124	162
125	871
126	857
127	2116
128	69
129	252
130	728
131	728
132	573
133	573
134	1114
135	654
136	201
137	857
138	69
139	219
140	121
141	105
142	165
143	643
144	330
145	841
146	841
147	202
148	250
149	12
150	99
151	99
152	330
153	1213
154	330
155	294
156	31
157	31
158	583
159	2182
160	521
161	123
162	179
163	179
164	308
165	124
166	124
167	2794
168	69
169	2669
170	69
171	697
172	125
173	125
174	534
175	663
176	11
177	11
178	11
179	11
180	29
181	29
182	1003
183	378
184	126
185	626
186	11
187	278
188	472
189	123
190	393
191	4271
192	1
193	3
194	288
195	288
196	17
197	17
198	29
199	892
200	85
201	233
202	573
203	527
204	583
205	583
206	1831
207	1831
208	69
209	219
210	737
211	718
212	105
213	12
214	101
215	506
216	202
217	52
218	202
219	562
220	127
221	127
222	950
223	2330
224	250
225	447
226	69
227	69
228	349
229	349
230	484
231	883
232	11
233	1957
234	250
235	1374
236	31
237	573
238	573
239	3794
240	273
241	668
242	102
243	102
244	121
245	121
246	29
247	29
248	643
249	136
250	288
251	1769
252	2043
253	2043
254	2044
255	9798
256	11
257	841
258	841
259	841
260	534
261	534
262	534
263	663
264	174
265	99
266	330
267	201
268	330
269	330
270	462
271	462
272	126
273	174
274	514
275	294
276	69
277	69
278	105
279	31
280	126
281	1156
282	521
283	1506
284	123
285	123
286	123
287	991
288	126
289	121
290	3
291	441
292	441
293	308
294	308
295	847
296	29
297	1769
298	126
299	101
300	11
301	271
302	266
303	3667
304	1114
305	887
306	887
307	887
308	121
309	177
310	459
311	2164
312	1154
313	655
314	220
315	193
316	220
317	220
318	1299
319	1299
320	12
321	734
322	643
323	46
324	192
325	192
326	192
327	1048
328	362
329	631
330	841
331	874
332	162
333	162
334	1733
335	1733
336	11
337	387
338	4271
339	4271
340	201
341	1
342	726
343	726
344	349
345	210
346	370
347	56
348	8
349	8
350	1084
351	1084
352	105
353	1818
354	583
355	583
356	8
357	8
358	8
359	5113
360	105
361	1841
362	105
363	111
364	459
365	1831
366	1831
367	159
368	69
369	1
370	29
371	29
372	12
373	12
374	1834
375	1834
376	506
377	5705
378	46
379	1251
380	1062
381	101
382	2669
383	318
384	1
385	52
386	202
387	162
388	162
389	871
390	823
391	222
392	250
393	463
394	250
395	303
396	105
397	105
398	857
399	857
400	617
401	258
402	75
403	75
404	174
405	174
406	112
407	112
408	11
409	281
410	739
411	1695
412	1003
413	514
414	514
415	646
416	521
417	1403
418	626
419	31
420	687
421	687
422	693
423	1681
424	521
425	1506
426	11
427	1
428	102
429	102
430	393
431	1906
432	441
433	310
434	310
435	273
436	288
437	124
438	328
439	328
440	441
441	786
442	441
443	787
444	365
445	365
446	1769
447	5241
448	126
449	2043
450	578
451	578
452	521
453	11
454	11
455	1752
456	534
457	446
458	534
459	127
460	810
461	810
462	2870
463	2870
464	126
465	534
466	663
467	663
468	521
469	521
470	1172
471	667
472	617
473	766
474	766
475	499
476	766
477	174
478	10006
479	368
480	593
481	2853
482	126
483	126
484	378
485	378
486	514
487	2003
488	69
489	271
490	593
491	6501
492	1004
493	1004
494	1004
495	8243
496	143
497	69
498	105
499	105
500	841
501	202
502	303
503	971
504	387
505	1194
506	387
507	3819
508	2116
509	1713
510	434
511	5818
512	11
513	451
514	876
515	876
516	584
517	584
518	1216
519	1053
520	728
521	734
522	370
523	376
524	370
525	81
526	371
527	1099
528	121
529	121
530	225
531	225
532	583
533	583
534	552
535	552
536	121
537	3
538	121
539	1087
540	452
541	452
542	452
543	2287
544	201
545	887
546	121
547	121
548	1658
549	1454
550	459
551	2954
552	201
553	3791
554	1
555	121
556	220
557	220
558	363
559	942
560	12
561	136
562	136
563	220
564	1
565	1
566	6442
567	1299
568	298
569	1641
570	643
571	734
572	46
573	46
574	72
575	72
576	12
577	178
578	29
579	29
580	841
581	162
582	162
583	730
584	162
585	359
586	362
587	118
588	118
589	118
590	220
591	220
592	105
593	1733
594	971
595	971
596	69
597	69
598	393
599	393
600	499
601	803
602	344
603	3043
604	344
605	344
606	368
607	368
608	105
609	726
610	462
611	281
612	281
613	281
614	281
615	3786
616	330
617	1288
618	105
619	207
620	768
621	768
622	768
623	2709
624	105
625	330
626	1818
627	1818
628	573
629	573
630	465
631	465
632	278
633	4081
634	105
635	390
636	1826
637	1826
638	1826
639	12324
640	11
641	1
642	330
643	330
644	221
645	221
646	221
647	196
648	12
649	2759
650	273
651	652
652	179
653	105
654	1320
655	1320
656	165
657	877
658	877
659	219
660	308
661	308
662	105
663	105
664	165
665	718
666	101
667	12470
668	5705
669	5705
670	147
671	9031
672	11
673	1385
674	1062
675	101
676	2669
677	318
678	318
679	1846
680	11
681	9927
682	11
683	127
684	222
685	222
686	202
687	52
688	250
689	202
690	127
691	127
692	336
693	11
694	222
695	202
696	250
697	202
698	250
699	947
700	1658
701	321
702	2128
703	16237
704	17
705	125
706	205
707	99
708	174
709	174
710	617
711	2833
712	617
713	258
714	715
715	75
716	174
717	174
718	10006
719	10006
720	17
721	888
722	2853
723	1641
724	29
725	521
726	484
727	484
728	514
729	11
730	40
731	2437
732	1003
733	1003
734	495
735	495
736	521
737	646
738	11
739	11
740	73
741	631
742	631
743	8243
744	521
745	1519
746	521
747	465
748	278
749	31
750	687
751	4826
752	143
753	521
754	1506
755	1506
756	472
757	472
758	1958
759	1958
760	393
761	121
762	143
763	1907
764	1906
765	477
766	477
767	5200
768	11
769	121
770	310
771	310
772	441
773	441
774	288
775	290
776	124
777	250
778	124
779	328
780	441
781	441
782	441
783	288
784	17
785	124
786	231
787	231
788	126
789	69
790	825
791	825
792	17
793	365
794	126
795	5241
796	2043
797	2043
798	643
799	732
800	1114
801	897
802	552
803	552
804	652
805	652
806	521
807	1034
808	177
809	1984
810	1114
811	701
812	654
813	158
814	158
815	1803
816	177
817	810
818	810
819	478
820	1114
821	1114
822	5777
823	5777
824	1454
825	729
826	1454
827	658
828	321
829	321
830	3791
831	4401
832	69
833	177
834	1172
835	1172
836	363
837	617
838	617
839	1010
840	1834
841	289
842	363
843	363
844	363
845	363
846	316
847	316
848	11
849	6556
850	5705
851	1299
852	11
853	11
854	1400
855	2853
856	40
857	126
858	378
859	6817
860	298
861	298
862	815
863	815
864	871
865	2437
866	126
867	126
868	126
869	126
870	178
871	10523
872	362
873	2071
874	871
875	126
876	1004
877	1004
878	1004
879	1793
880	362
881	362
882	593
883	593
884	706
885	706
886	1156
887	1156
888	3919
889	20572
890	971
891	2510
892	1457
893	8
894	6354
895	6354
896	1
897	698
898	123
899	123
900	42
901	42
902	42
903	212
904	69
905	990
906	11
907	1188
908	11
909	69
910	368
911	368
912	728
913	48
914	876
915	876
916	370
917	370
918	584
919	584
920	1213
921	396
922	728
923	950
924	734
925	734
926	734
927	4073
928	201
929	1216
930	728
931	728
932	318
933	318
934	318
935	2009
936	201
937	2771
938	1
939	1109
940	1374
941	225
942	225
943	370
944	583
945	1114
946	1114
947	121
948	121
949	121
950	271
951	271
952	583
953	266
954	1114
955	647
956	1087
957	1087
958	1087
959	41781
960	12
961	452
962	452
963	654
964	201
965	1
966	1
967	987
968	1658
969	125
970	459
971	583
972	857
973	857
974	1298
975	1298
976	1
977	1658
978	125
979	125
980	12
981	201
982	3791
983	6302
984	220
985	1
986	220
987	29
988	715
989	715
990	2088
991	2088
992	46
993	8022
994	1
995	1
996	715
997	715
998	715
999	715
1000	127
1001	1369
1002	812
1003	1678
1004	1099
1005	825
1006	2045
1007	3466
1008	892
1009	308
1010	1211
1011	4234
1012	614
1013	614
1014	1838
1015	1838
1016	232
1017	3055
1018	232
1019	3217
1020	510
1021	1026
1022	1281
1023	10679
1024	521
1025	996
1026	983
1027	983
1028	697
1029	446
1030	1107
1031	8189
1032	976
1033	1221
1034	110
1035	193
1036	110
1037	110
1038	1288
1039	1288
1040	887
1041	986
1042	1243
1043	810
1044	125
1045	125
1046	878
1047	285
1048	534
1049	2716
1050	658
1051	1475
1052	306
1053	306
1054	306
1055	3250
1056	766
1057	823
1058	11
1059	11
1060	1172
1061	205
1062	205
1063	3914
1064	715
1065	5589
1066	766
1067	862
1068	344
1069	344
1070	109
1071	3698
1072	715
1073	75
1074	1100
1075	1100
1076	11
1077	11
1078	2856
1079	2856
1080	1641
1081	510
1082	1641
1083	1050
1084	462
1085	281
1086	2433
1087	2433
1088	11
1089	1213
1090	270
1091	270
1092	766
1093	766
1094	11
1095	2383
1096	768
1097	2897
1098	294
1099	330
1100	207
1101	475
1102	1175
1103	7950
1104	177
1105	299
1106	4158
1107	4158
1108	29
1109	29
1110	381
1111	8004
1112	562
1113	860
1114	359
1115	4847
1116	631
1117	631
1118	4179
1119	1241
1120	192
1121	1033
1122	462
1123	462
1124	687
1125	687
1126	687
1127	4826
1128	126
1129	1346
1130	200
1131	1456
1132	971
1133	1792
1134	1792
1135	4270
1136	118
1137	126
1138	1664
1139	1
1140	362
1141	362
1142	845
1143	845
1144	393
1145	4122
1146	706
1147	1690
1148	477
1149	477
1150	1188
1151	26549
1152	8
1153	936
1154	110
1155	764
1156	764
1157	273
1158	273
1159	3046
1160	56
1161	4611
1162	56
1163	46
1164	3
1165	3
1166	186
1167	186
1168	288
1169	998
1170	891
1171	891
1172	252
1173	1216
1174	3
1175	288
1176	288
1177	273
1178	288
1179	3517
1180	1695
1181	1695
1182	1074
1183	6371
1184	17
1185	2084
1186	365
1187	365
1188	147
1189	147
1190	167
1191	8078
1192	121
1193	14677
1194	17
1195	288
1196	501
1197	892
1198	892
1199	1385
1200	232
1201	1513
1202	1427
1203	2012
1204	271
1205	652
1206	5459
1207	5459
1208	652
1209	1026
1210	390
1211	1121
1212	2183
1213	2183
1214	5113
1215	28291
1216	8
1217	435
1218	1107
1219	1107
1220	527
1221	452
1222	452
1223	4466
1224	158
1225	148
1226	158
1227	1612
1228	887
1229	478
1230	2883
1231	12564
1232	8
1233	83
1234	5777
1235	5777
1236	121
1237	121
1238	309
1239	309
1240	459
1241	159
1242	1831
1243	5038
1244	1831
1245	1658
1246	6302
1247	2303
1248	617
1249	16237
1250	8
1251	8
1252	1556
1253	1556
1254	1399
1255	6632
1256	617
1257	835
1258	617
1259	2385
1260	289
1261	289
1262	289
1263	6936
1264	220
1265	617
1266	258
1267	258
1268	617
1269	715
1270	344
1271	344
1272	1272
1273	1203
1274	2837
1275	15913
1276	2837
1277	2837
1278	24958
1279	24958
1280	69
1281	232
1282	1251
1283	2853
1284	17
1285	17
1286	17
1287	4223
1288	1003
1289	1811
1290	46
1291	1761
1292	40
1293	40
1294	739
1295	739
1296	29
1297	1003
1298	2003
1299	2003
1300	127
1301	127
1302	2186
1303	2186
1304	52
1305	102
1306	52
1307	5680
1308	1537
1309	1537
1310	2007
1311	12753
1312	222
1313	356
1314	639
1315	639
1316	445
1317	562
1318	562
1319	66
1320	222
1321	2205
1322	202
1323	1886
1324	207
1325	207
1326	192
1327	8038
1328	871
1329	947
1330	2716
1331	463
1332	202
1333	202
1334	4550
1335	8069
1336	1733
1337	2510
1338	1457
1339	593
1340	303
1341	303
1342	4969
1343	30297
1344	1
1345	162
1346	931
1347	931
1348	857
1349	857
1350	212
1351	5335
1352	447
1353	2025
1354	1584
1355	857
1356	2116
1357	2116
1358	2276
1359	4161
1360	69
1361	434
1362	6684
1363	6684
1364	69
1365	69
1366	1451
1367	1451
1368	56
1369	175
1370	48
1371	6841
1372	726
1373	604
1374	757
1375	757
1376	81
1377	46
1378	252
1379	441
1380	206
1381	206
1382	584
1383	16769
1384	81
1385	698
1386	8
1387	891
1388	441
1389	441
1390	1288
1391	4073
1392	81
1393	81
1394	584
1395	252
1396	8
1397	177
1398	787
1399	787
1400	514
1401	2290
1402	768
1403	5236
1404	5624
1405	5624
1406	5561
1407	47551
1408	105
1409	372
1410	1478
1411	1478
1412	1374
1413	1374
1414	1374
1415	1586
1416	573
1417	7058
1418	1114
1419	180
1420	465
1421	156
1422	353
1423	353
1424	31
1425	11
1426	11
1427	552
1428	1114
1429	1114
1430	233
1431	233
1432	31
1433	1879
1434	573
1435	7160
1436	3794
1437	3794
1438	3794
1439	19179
1440	250
1441	357
1442	39
1443	527
1444	1841
1445	654
1446	654
1447	3875
1448	201
1449	4466
1450	250
1451	1575
1452	1846
1453	1846
1454	653
1455	3087
1456	857
1457	1114
1458	8
1459	8
1460	102
1461	221
1462	1948
1463	3091
1464	857
1465	1114
1466	857
1467	197
1468	159
1469	658
1470	314
1471	9353
1472	201
1473	857
1474	3791
1475	3791
1476	69
1477	69
1478	11
1479	1455
1480	29
1481	1114
1482	1154
1483	655
1484	1154
1485	219
1486	6122
1487	10392
1488	11
1489	363
1490	3716
1491	3716
1492	201
1493	201
1494	289
1495	289
1496	363
1497	363
1498	363
1499	363
1500	2197
1501	2197
1502	6043
1503	6043
1504	124
1505	6079
1506	105
1507	105
1508	3736
1509	3736
1510	365
1511	5241
1512	124
1513	5164
1514	124
1515	9549
1516	1385
1517	732
1518	732
1519	18694
1520	2043
1521	124
1522	2033
1523	2033
1524	1062
1525	1062
1526	3350
1527	3350
1528	3828
1529	801
1530	2044
1531	4806
1532	5220
1533	9798
1534	9927
1535	116966
1536	69
1537	4058
1538	703
1539	52
1540	93
1541	93
1542	49
1543	1099
1544	841
1545	738
1546	841
1547	703
1548	202
1549	202
1550	1850
1551	1053
1552	127
1553	841
1554	3902
1555	3902
1556	841
1557	202
1558	445
1559	359
1560	127
1561	1873
1562	841
1563	3450
1564	841
1565	841
1566	202
1567	4966
1568	12
1569	178
1570	127
1571	841
1572	885
1573	885
1574	885
1575	463
1576	250
1577	11883
1578	12
1579	362
1580	31
1581	31
1582	31
1583	20326
1584	250
1585	303
1586	971
1587	971
1588	12
1589	12
1590	20470
1591	20470
1592	777
1593	202
1594	212
1595	1194
1596	387
1597	387
1598	1194
1599	1664
1600	617
1601	796
1602	803
1603	803
1604	499
1605	99
1606	99
1607	3111
1608	201
1609	3539
1610	1100
1611	499
1612	1100
1613	1100
1614	1319
1615	1319
1616	330
1617	368
1618	368
1619	368
1620	766
1621	766
1622	1552
1623	221
1624	112
1625	57
1626	1213
1627	3621
1628	1213
1629	728
1630	7358
1631	7358
1632	174
1633	1811
1634	1213
1635	1213
1636	1213
1637	1213
1638	728
1639	5629
1640	766
1641	1475
1642	174
1643	3427
1644	415
1645	415
1646	415
1647	1906
1648	1957
1649	12
1650	2039
1651	2039
1652	294
1653	294
1654	271
1655	271
1656	1957
1657	1967
1658	318
1659	370
1660	646
1661	3260
1662	3260
1663	21261
1664	69
1665	5561
1666	250
1667	12
1668	225
1669	225
1670	1793
1671	1664
1672	105
1673	3780
1674	31
1675	1374
1676	583
1677	583
1678	2038
1679	2038
1680	105
1681	102
1682	102
1683	156
1684	31
1685	583
1686	583
1687	583
1688	583
1689	3
1690	105
1691	20572
1692	233
1693	233
1694	266
1695	12086
1696	69
1697	266
1698	1087
1699	1087
1700	8
1701	8
1702	8
1703	6953
1704	521
1705	8960
1706	69
1707	3905
1708	698
1709	698
1710	1664
1711	6198
1712	706
1713	121
1714	121
1715	330
1716	123
1717	123
1718	3458
1719	1575
1720	706
1721	1690
1722	143
1723	1076
1724	991
1725	991
1726	991
1727	22038
1728	124
1729	102
1730	122
1731	1951
1732	310
1733	179
1734	179
1735	123
1736	179
1737	102
1738	121
1739	2954
1740	310
1741	310
1742	22459
1743	22459
1744	308
1745	666
1746	220
1747	220
1748	101
1749	101
1750	1905
1751	43
1752	149
1753	149
1754	149
1755	1887
1756	328
1757	877
1758	470
1759	470
1760	308
1761	3480
1762	308
1763	308
1764	121
1765	121
1766	12
1767	12912
1768	101
1769	2629
1770	308
1771	649
1772	847
1773	231
1774	231
1775	2100
1776	2794
1777	101
1778	12470
1779	6272
1780	147
1781	147
1782	6079
1783	6079
1784	2794
1785	12
1786	2794
1787	2273
1788	7889
1789	7889
1790	3466
1791	34774
1792	126
1793	101
1794	419
1795	419
1796	101
1797	46
1798	46
1799	1251
1800	615
1801	6630
1802	615
1803	1838
1804	578
1805	232
1806	892
1807	892
1808	69
1809	2044
1810	1509
1811	1509
1812	521
1813	521
1814	3037
1815	3037
1816	69
1817	2654
1818	1
1819	36516
1820	1087
1821	1984
1822	1984
1823	2804
1824	125
1825	983
1826	697
1827	446
1828	446
1829	222
1830	965
1831	648
1832	125
1833	1025
1834	125
1835	697
1836	285
1837	285
1838	823
1839	2187
1840	810
1841	110
1842	110
1843	110
1844	125
1845	534
1846	1288
1847	0
1848	222
1849	0
1850	810
1851	110
1852	810
1853	810
1854	1647
1855	1647
1856	11
1857	11
1858	823
1859	823
1860	125
1861	125
1862	125
1863	5052
1864	663
1865	2716
1866	950
1867	11
1868	950
1869	1733
1870	4065
1871	4065
1872	126
1873	663
1874	13360
1875	13360
1876	11
1877	11
1878	1733
1879	1733
1880	205
1881	534
1882	1025
1883	12686
1884	871
1885	871
1886	11
1887	105
1888	105
1889	1815
1890	766
1891	766
1892	11
1893	11
1894	11
1895	82513
1896	105
1897	1584
1898	105
1899	1584
1900	1076
1901	1076
1902	788
1903	10465
1904	715
1905	715
1906	75
1907	75
1908	766
1909	766
1910	1203
1911	1476
1912	1299
1913	3301
1914	4178
1915	3242
1916	4178
1917	6556
1918	6480
1919	13391
1920	178
1921	1477
1922	1641
1923	1641
1924	1641
1925	1641
1926	462
1927	462
1928	11
1929	2367
1930	177
1931	4223
1932	29
1933	29
1934	4728
1935	6817
1936	378
1937	281
1938	281
1939	281
1940	1003
1941	1003
1942	175
1943	175
1944	378
1945	766
1946	768
1947	2383
1948	2897
1949	2897
1950	1695
1951	5053
1952	29
1953	766
1954	378
1955	768
1956	703
1957	703
1958	703
1959	7074
1960	29
1961	25405
1962	126
1963	7461
1964	2709
1965	2709
1966	2709
1967	768
1968	573
1969	11
1970	29
1971	126
1972	1004
1973	626
1974	11
1975	11
1976	626
1977	1818
1978	573
1979	1818
1980	7083
1981	7083
1982	13754
1983	2869
1984	472
1985	626
1986	7058
1987	7058
1988	11
1989	11
1990	126
1991	465
1992	278
1993	465
1994	278
1995	573
1996	573
1997	573
1998	573
1999	573
2000	399
2001	1443
2002	2053
2003	2053
2004	841
2005	841
2006	1433
2007	1433
2008	1733
2009	200
2010	1947
2011	2516
2012	2330
2013	3347
2014	3350
2015	7952
2016	82
2017	7729
2018	162
2019	362
2020	1328
2021	1328
2022	1565
2023	3470
2024	82
2025	6983
2026	82
2027	7329
2028	1408
2029	1408
2030	2658
2031	20921
2032	42
2033	82
2034	495
2035	495
2036	1584
2037	1208
2038	990
2039	4161
2040	115
2041	3077
2042	1618
2043	7644
2044	6684
2045	6684
2046	11336
2047	72143
2048	1
2049	936
2050	368
2051	1288
2052	443
2053	443
2054	443
2055	1281
2056	876
2057	853
2058	56
2059	175
2060	726
2061	726
2062	1524
2063	1524
2064	210
2065	876
2066	46
2067	46
2068	252
2069	252
2070	1287
2071	1287
2072	206
2073	901
2074	210
2075	25672
2076	891
2077	891
2078	891
2079	6341
2080	349
2081	1853
2082	210
2083	210
2084	56
2085	56
2086	56
2087	4112
2088	121
2089	7331
2090	349
2091	386
2092	376
2093	252
2094	252
2095	4693
2096	8
2097	1074
2098	1074
2099	505
2100	1163
2101	703
2102	2290
2103	3279
2104	294
2105	1388
2106	1084
2107	1345
2108	1084
2109	318
2110	2230
2111	13995
2112	102
2113	3717
2114	1377
2115	1377
2116	179
2117	179
2118	370
2119	11541
2120	1403
2121	3940
2122	1793
2123	179
2124	1818
2125	1818
2126	7058
2127	2038
2128	583
2129	221
2130	2943
2131	2943
2132	573
2133	573
2134	1513
2135	1513
2136	271
2137	2012
2138	652
2139	27293
2140	4081
2141	11
2142	7568
2143	7568
2144	573
2145	1494
2146	266
2147	652
2148	652
2149	652
2150	390
2151	7349
2152	573
2153	7160
2154	583
2155	1634
2156	5113
2157	5113
2158	5113
2159	26655
2160	527
2161	573
2162	1065
2163	2395
2164	452
2165	158
2166	466
2167	466
2168	158
2169	7727
2170	1841
2171	9332
2172	2386
2173	2386
2174	4466
2175	26999
2176	69
2177	148
2178	887
2179	887
2180	1846
2181	111
2182	111
2183	1957
2184	8
2185	28460
2186	8
2187	6196
2188	121
2189	17
2190	2603
2191	2603
2192	1831
2193	5777
2194	5777
2195	5777
2196	1658
2197	1658
2198	17
2199	17
2200	450
2201	2909
2202	652
2203	2764
2204	314
2205	314
2206	314
2207	9353
2208	12
2209	3468
2210	3572
2211	647
2212	666
2213	1320
2214	1320
2215	8803
2216	105
2217	12328
2218	12
2219	1832
2220	818
2221	818
2222	1988
2223	8768
2224	29
2225	81
2226	470
2227	470
2228	219
2229	219
2230	3480
2231	9588
2232	29
2233	1288
2234	29
2235	2153
2236	2217
2237	5854
2238	5854
2239	4458
2240	105
2241	1480
2242	1483
2243	1483
2244	1028
2245	1028
2246	1834
2247	4167
2248	1834
2249	219
2250	718
2251	1205
2252	718
2253	1028
2254	12470
2255	6093
2256	69
2257	344
2258	344
2259	1716
2260	105
2261	105
2262	2273
2263	2273
2264	5705
2265	2034
2266	5705
2267	4536
2268	6442
2269	6442
2270	8714
2271	12722
2272	101
2273	29884
2274	69
2275	69
2276	370
2277	1251
2278	1251
2279	2861
2280	101
2281	13012
2282	506
2283	5971
2284	130
2285	130
2286	121
2287	44789
2288	40
2289	40
2290	2616
2291	4159
2292	506
2293	506
2294	1846
2295	1761
2296	72
2297	213
2298	739
2299	2236
2300	2369
2301	3037
2302	2654
2303	52892
2304	336
2305	1198
2306	1177
2307	2996
2308	228
2309	52
2310	996
2311	3529
2312	49
2313	9478
2314	49
2315	1099
2316	905
2317	905
2318	102
2319	102
2320	697
2321	49
2322	1065
2323	1065
2324	106
2325	222
2326	2241
2327	293
2328	202
2329	293
2330	106
2331	9837
2332	1633
2333	1633
2334	2751
2335	13199
2336	202
2337	639
2338	445
2339	445
2340	1873
2341	1873
2342	1873
2343	2086
2344	823
2345	4883
2346	202
2347	4889
2348	202
2349	162
2350	691
2351	9751
2352	823
2353	253
2354	207
2355	207
2356	202
2357	202
2358	8038
2359	8038
2360	196
2361	2218
2362	2716
2363	463
2364	463
2365	463
2366	30665
2367	45202
2368	105
2369	871
2370	2053
2371	2053
2372	303
2373	303
2374	303
2375	30702
2376	1733
2377	1433
2378	1457
2379	1457
2380	2330
2381	303
2382	4250
2383	4250
2384	250
2385	7952
2386	7952
2387	17124
2388	201
2389	201
2390	202
2391	202
2392	212
2393	492
2394	82
2395	1804
2396	857
2397	857
2398	931
2399	931
2400	109
2401	3884
2402	60
2403	60
2404	60
2405	60
2406	862
2407	13410
2408	69
2409	212
2410	109
2411	8315
2412	1704
2413	1704
2414	1704
2415	14225
2416	344
2417	69
2418	434
2419	434
2420	99
2421	99
2422	1319
2423	1319
2424	2856
2425	14293
2426	216
2427	4156
2428	216
2429	216
2430	9990
2431	55592
2432	174
2433	2342
2434	887
2435	48
2436	48
2437	48
2438	48
2439	726
2440	112
2441	8261
2442	281
2443	2367
2444	728
2445	728
2446	57
2447	57
2448	349
2449	206
2450	1811
2451	1440
2452	281
2453	728
2454	396
2455	396
2456	728
2457	206
2458	349
2459	16769
2460	2612
2461	2612
2462	5389
2463	31125
2464	250
2465	5501
2466	1288
2467	1288
2468	514
2469	514
2470	2897
2471	1906
2472	250
2473	6055
2474	250
2475	6819
2476	207
2477	584
2478	584
2479	1411
2480	1957
2481	728
2482	728
2483	728
2484	1084
2485	1084
2486	1028
2487	1028
2488	371
2489	81
2490	1957
2491	5563
2492	5236
2493	1388
2494	1388
2495	16734
2496	1114
2497	371
2498	2771
2499	10025
2500	856
2501	174
2502	174
2503	8307
2504	90
2505	2928
2506	1403
2507	914
2508	1374
2509	1374
2510	8243
2511	8243
2512	1005
2513	1385
2514	3499
2515	3499
2516	31
2517	31
2518	5759
2519	5759
2520	1689
2521	184
2522	1689
2523	2696
2524	465
2525	156
2526	31642
2527	31642
2528	31
2529	1513
2530	1005
2531	1005
2532	2342
2533	2342
2534	147
2535	5949
2536	31
2537	5605
2538	573
2539	7568
2540	1681
2541	2131
2542	2131
2543	32345
2544	343
2545	31
2546	1879
2547	390
2548	1826
2549	3794
2550	2334
2551	2334
2552	343
2553	5736
2554	343
2555	342
2556	8707
2557	8707
2558	19179
2559	111311
2560	11
2561	357
2562	39
2563	39
2564	1958
2565	1841
2566	1841
2567	766
2568	201
2569	654
2570	250
2571	1958
2572	250
2573	250
2574	8869
2575	8869
2576	857
2577	201
2578	3197
2579	3197
2580	102
2581	102
2582	374
2583	1846
2584	221
2585	653
2586	857
2587	3087
2588	1114
2589	177
2590	37
2591	5200
2592	105
2593	196
2594	857
2595	857
2596	3091
2597	3091
2598	1243
2599	1243
2600	310
2601	8263
2602	310
2603	1387
2604	450
2605	450
2606	102
2607	33327
2608	121
2609	343
2610	2016
2611	2016
2612	310
2613	273
2614	14616
2615	33326
2616	220
2617	4476
2618	220
2619	1334
2620	2003
2621	2003
2622	14847
2623	14847
2624	124
2625	250
2626	250
2627	250
2628	29
2629	29
2630	587
2631	16240
2632	998
2633	1887
2634	328
2635	328
2636	328
2637	29
2638	81
2639	655
2640	288
2641	2377
2642	6084
2643	6084
2644	124
2645	124
2646	29
2647	29
2648	201
2649	3716
2650	273
2651	5262
2652	121
2653	121
2654	5324
2655	9160
2656	165
2657	682
2658	136
2659	136
2660	231
2661	231
2662	231
2663	4634
2664	165
2665	1309
2666	643
2667	774
2668	20063
2669	20063
2670	6043
2671	5478
2672	1769
2673	165
2674	9527
2675	3264
2676	3736
2677	3736
2678	201
2679	11
2680	1769
2681	110
2682	1988
2683	532
2684	3238
2685	3238
2686	3238
2687	20116
2688	1
2689	1304
2690	124
2691	165
2692	1385
2693	732
2694	732
2695	201
2696	643
2697	1477
2698	298
2699	1400
2700	1023
2701	1023
2702	2040
2703	2233
2704	500
2705	2033
2706	2033
2707	2033
2708	2044
2709	1957
2710	1023
2711	1023
2712	500
2713	2511
2714	2044
2715	34216
2716	5172
2717	5172
2718	1396
2719	8597
2720	521
2721	2331
2722	2369
2723	5220
2724	5214
2725	5214
2726	5214
2727	8640
2728	11
2729	117607
2730	11
2731	2494
2732	1752
2733	1752
2734	1752
2735	1984
2736	106
2737	49
2738	703
2739	703
2740	141
2741	446
2742	1623
2743	1623
2744	446
2745	49
2746	106
2747	738
2748	703
2749	703
2750	1807
2751	35734
2752	534
2753	446
2754	1053
2755	1053
2756	841
2757	841
2758	841
2759	3276
2760	285
2761	446
2762	285
2763	1633
2764	127
2765	841
2766	3565
2767	3565
2768	330
2769	359
2770	1288
2771	1288
2772	336
2773	336
2774	129
2775	129
2776	841
2777	841
2778	362
2779	860
2780	1629
2781	691
2782	1626
2783	3300
2784	330
2785	3674
2786	330
2787	12
2788	362
2789	362
2790	127
2791	53938
2792	330
2793	4018
2794	330
2795	3123
2796	78
2797	78
2798	78
2799	640
2800	1454
2801	658
2802	3001
2803	3001
2804	663
2805	663
2806	1002
2807	1002
2808	126
2809	1369
2810	1455
2811	15434
2812	16237
2813	5736
2814	5736
2815	36746
2816	126
2817	1434
2818	1434
2819	3347
2820	835
2821	835
2822	534
2823	5799
2824	1025
2825	5483
2826	99
2827	10079
2828	777
2829	777
2830	835
2831	534
2832	766
2833	1025
2834	1010
2835	1211
2836	174
2837	330
2838	777
2839	777
2840	766
2841	5589
2842	766
2843	35374
2844	60
2845	60
2846	42
2847	3383
2848	330
2849	42
2850	499
2851	499
2852	499
2853	99
2854	99
2855	992
2856	330
2857	3111
2858	330
2859	990
2860	1100
2861	1100
2862	99
2863	9710
2864	330
2865	201
2866	201
2867	201
2868	12
2869	12
2870	5689
2871	1319
2872	10006
2873	20805
2874	368
2875	368
2876	368
2877	491
2878	12156
2879	12156
2880	521
2881	174
2882	57
2883	57
2884	1213
2885	1213
2886	370
2887	12280
2888	370
2889	876
2890	112
2891	1213
2892	1213
2893	1213
2894	4091
2895	1051
2896	69
2897	876
2898	876
2899	876
2900	177
2901	17
2902	2331
2903	6817
2904	478
2905	478
2906	478
2907	1804
2908	484
2909	1213
2910	2236
2911	2236
2912	378
2913	6765
2914	766
2915	766
2916	174
2917	174
2918	330
2919	21181
2920	40
2921	6406
2922	378
2923	1118
2924	1104
2925	2003
2926	2003
2927	21104
2928	294
2929	294
2930	766
2931	766
2932	378
2933	378
2934	2039
2935	2039
2936	271
2937	3452
2938	271
2939	21199
2940	1628
2941	1628
2942	37117
2943	55722
2944	521
2945	3264
2946	294
2947	294
2948	3260
2949	2009
2950	6501
2951	1179
2952	521
2953	8628
2954	69
2955	3260
2956	69
2957	69
2958	318
2959	318
2960	1004
2961	174
2962	174
2963	330
2964	105
2965	105
2966	1793
2967	225
2968	583
2969	225
2970	1005
2971	588
2972	3780
2973	3780
2974	3780
2975	1664
2976	69
2977	225
2978	583
2979	583
2980	1519
2981	3453
2982	3453
2983	3447
2984	69
2985	225
2986	69
2987	583
2988	583
2989	583
2990	102
2991	102
2992	105
2993	105
2994	583
2995	583
2996	583
2997	583
2998	583
2999	583
3000	157
3001	4058
3002	839
3003	6121
3004	4550
3005	1435
3006	11482
3007	67634
3008	362
3009	2509
3010	2314
3011	2314
3012	1811
3013	1811
3014	178
3015	11390
3016	971
3017	1456
3018	1457
3019	587
3020	3347
3021	303
3022	4969
3023	11925
3024	362
3025	1233
3026	11412
3027	2280
3028	871
3029	706
3030	4779
3031	4779
3032	1194
3033	355
3034	1194
3035	12178
3036	931
3037	931
3038	7505
3039	7505
3040	212
3041	11295
3042	362
3043	362
3044	1408
3045	3819
3046	3819
3047	1604
3048	706
3049	40637
3050	387
3051	11808
3052	1213
3053	1213
3054	2498
3055	16873
3056	1713
3057	706
3058	1690
3059	1690
3060	1208
3061	1208
3062	607
3063	3818
3064	2110
3065	6217
3066	7057
3067	7053
3068	40425
3069	9071
3070	11336
3071	72143
3072	201
3073	2436
3074	122
3075	122
3076	764
3077	764
3078	310
3079	1951
3080	451
3081	2225
3082	757
3083	764
3084	764
3085	764
3086	1104
3087	207
3088	441
3089	179
3090	2220
3091	2220
3092	3
3093	3
3094	764
3095	764
3096	441
3097	8389
3098	308
3099	21516
3100	3735
3101	3735
3102	5512
3103	31743
3104	210
3105	804
3106	876
3107	876
3108	4026
3109	4026
3110	3385
3111	5504
3112	396
3113	11449
3114	210
3115	912
3116	950
3117	698
3118	698
3119	6341
3120	1906
3121	1595
3122	398
3123	398
3124	210
3125	210
3126	16583
3127	16583
3128	3
3129	1245
3130	1907
3131	864
3132	734
3133	734
3134	11571
3135	16885
3136	81
3137	1133
3138	1133
3139	1133
3140	376
3141	376
3142	376
3143	10839
3144	1028
3145	3478
3146	1074
3147	1216
3148	1074
3149	1074
3150	11126
3151	11126
3152	370
3153	3368
3154	16400
3155	6371
3156	121
3157	121
3158	1216
3159	441
3160	318
3161	1988
3162	371
3163	17531
3164	1099
3165	1099
3166	7734
3167	7734
3168	177
3169	1390
3170	512
3171	372
3172	372
3173	1109
3174	1109
3175	40803
3176	121
3177	9490
3178	177
3179	60
3180	3063
3181	3063
3182	6246
3183	40423
3184	614
3185	121
3186	855
3187	855
3188	892
3189	892
3190	264
3191	1649
3192	614
3193	6538
3194	614
3195	1526
3196	670
3197	921
3198	921
3199	139006
3200	102
3201	5602
3202	353
3203	874
3204	2012
3205	2012
3206	2012
3207	2779
3208	552
3209	41443
3210	147
3211	5610
3212	271
3213	271
3214	1881
3215	1881
3216	647
3217	2416
3218	1509
3219	1509
3220	233
3221	266
3222	271
3223	271
3224	266
3225	2769
3226	647
3227	7361
3228	1281
3229	1281
3230	1849
3231	11914
3232	583
3233	1634
3234	3667
3235	3667
3236	1087
3237	1087
3238	1087
3239	41781
3240	583
3241	12340
3242	583
3243	3603
3244	701
3245	565
3246	565
3247	7894
3248	887
3249	965
3250	295
3251	295
3252	654
3253	654
3254	7727
3255	7727
3256	887
3257	8189
3258	810
3259	10837
3260	2386
3261	2287
3262	2287
3263	7731
3264	121
3265	987
3266	987
3267	976
3268	810
3269	125
3270	653
3271	3292
3272	887
3273	1612
3274	887
3275	1612
3276	810
3277	810
3278	23839
3279	23839
3280	1114
3281	6196
3282	6196
3283	6196
3284	121
3285	177
3286	1521
3287	1731
3288	810
3289	810
3290	1298
3291	1528
3292	1298
3293	1298
3294	1232
3295	1232
3296	306
3297	2928
3298	29
3299	29
3300	1566
3301	1566
3302	2760
3303	12355
3304	459
3305	12362
3306	857
3307	19746
3308	1270
3309	1270
3310	4398
3311	13125
3312	2164
3313	459
3314	3468
3315	3962
3316	857
3317	1658
3318	1270
3319	1270
3320	2240
3321	12531
3322	2240
3323	12738
3324	20314
3325	20314
3326	42159
3327	42159
3328	1
3329	2045
3330	2103
3331	2103
3332	454
3333	1114
3334	1114
3335	6498
3336	1399
3337	6824
3338	1399
3339	715
3340	470
3341	470
3342	336
3343	336
3344	220
3345	1399
3346	6632
3347	6632
3348	363
3349	363
3350	2135
3351	3630
3352	1154
3353	6193
3354	220
3355	43103
3356	8022
3357	942
3358	942
3359	205
3360	136
3361	698
3362	193
3363	193
3364	193
3365	193
3366	85
3367	16
3368	715
3369	22766
3370	136
3371	1214
3372	220
3373	220
3374	220
3375	10523
3376	363
3377	109
3378	109
3379	109
3380	220
3381	220
3382	6272
3383	6272
3384	269
3385	10492
3386	75
3387	715
3388	75
3389	75
3390	43712
3391	43712
3392	1
3393	363
3394	1476
3395	75
3396	4178
3397	4178
3398	4178
3399	12691
3400	1769
3401	2248
3402	2794
3403	540
3404	2794
3405	3736
3406	3101
3407	7985
3408	1
3409	6724
3410	14276
3411	14276
3412	12
3413	12
3414	3089
3415	3089
3416	1251
3417	232
3418	1251
3419	7877
3420	419
3421	419
3422	13012
3423	3096
3424	643
3425	1240
3426	121
3427	121
3428	121
3429	177
3430	407
3431	13023
3432	643
3433	3149
3434	46
3435	7445
3436	1097
3437	1097
3438	820
3439	1119
3440	101
3441	643
3442	801
3443	1761
3444	46
3445	46
3446	1761
3447	71
3448	815
3449	258
3450	3828
3451	3612
3452	72
3453	72
3454	8103
3455	8103
3456	362
3457	815
3458	1003
3459	1003
3460	4058
3461	1138
3462	1138
3463	46
3464	192
3465	1468
3466	178
3467	1695
3468	29
3469	29
3470	46
3471	46
3472	192
3473	1172
3474	298
3475	298
3476	29
3477	29
3478	4934
3479	4934
3480	192
3481	1175
3482	192
3483	10890
3484	10523
3485	25405
3486	25405
3487	25409
3488	118
3489	2105
3490	1537
3491	1537
3492	1048
3493	1048
3494	4158
3495	4157
3496	118
3497	998
3498	472
3499	14135
3500	2751
3501	2751
3502	2751
3503	13199
3504	129
3505	1026
3506	562
3507	562
3508	562
3509	562
3510	13622
3511	13622
3512	0
3513	1026
3514	129
3515	1132
3516	1092
3517	1092
3518	1092
3519	68530
3520	823
3521	2206
3522	3300
3523	3300
3524	162
3525	162
3526	162
3527	1462
3528	178
3529	357
3530	253
3531	514
3532	874
3533	192
3534	8177
3535	8177
3536	162
3537	178
3538	956
3539	4413
3540	841
3541	841
3542	1033
3543	1033
3544	220
3545	220
3546	78
3547	462
3548	687
3549	687
3550	20270
3551	45202
3552	1733
3553	6472
3554	162
3555	362
3556	1435
3557	4826
3558	4826
3559	954
3560	1733
3561	6321
3562	1733
3563	45552
3564	836
3565	836
3566	5105
3567	26014
3568	1792
3569	1792
3570	200
3571	200
3572	1733
3573	971
3574	1456
3575	4247
3576	4583
3577	408
3578	4583
3579	2864
3580	7952
3581	7952
3582	68269
3583	68269
3584	69
3585	4270
3586	118
3587	118
3588	1
3589	1
3590	1815
3591	719
3592	387
3593	29
3594	393
3595	951
3596	393
3597	472
3598	1
3599	1
3600	862
3601	871
3602	2812
3603	3383
3604	42
3605	1584
3606	2025
3607	2025
3608	1584
3609	1408
3610	862
3611	13410
3612	992
3613	992
3614	82
3615	7418
3616	1
3617	495
3618	1208
3619	1208
3620	3043
3621	3539
3622	3539
3623	82
3624	1
3625	46951
3626	1
3627	1208
3628	1188
3629	4318
3630	115
3631	21366
3632	1
3633	6684
3634	6684
3635	6684
3636	11
3637	11
3638	157156
3639	157156
3640	368
3641	299
3642	1288
3643	500
3644	1288
3645	491
3646	650
3647	936
3648	8
3649	175
3650	443
3651	443
3652	726
3653	726
3654	876
3655	12280
3656	56
3657	853
3658	56
3659	56
3660	726
3661	726
3662	7118
3663	780
3664	370
3665	175
3666	175
3667	175
3668	8
3669	17
3670	726
3671	726
3672	210
3673	1120
3674	252
3675	5063
3676	252
3677	252
3678	290
3679	290
3680	349
3681	876
3682	210
3683	252
3684	252
3685	252
3686	252
3687	186
3688	17
3689	2595
3690	370
3691	912
3692	891
3693	891
3694	891
3695	4508
3696	288
3697	17
3698	998
3699	998
3700	883
3701	883
3702	293
3703	293
3704	1288
3705	6370
3706	1288
3707	206
3708	864
3709	864
3710	13370
3711	125985
3712	330
3713	6819
3714	349
3715	349
3716	207
3717	376
3718	376
3719	133
3720	271
3721	21199
3722	349
3723	207
3724	349
3725	349
3726	631
3727	631
3728	230
3729	1695
3730	3264
3731	1291
3732	1084
3733	1084
3734	349
3735	370
3736	318
3737	4699
3738	230
3739	28165
3740	1388
3741	1388
3742	1388
3743	48304
3744	12
3745	1988
3746	230
3747	230
3748	4386
3749	4386
3750	6998
3751	7442
3752	105
3753	72543
3754	12
3755	4146
3756	167
3757	167
3758	167
3759	365
3760	1818
3761	179
3762	370
3763	370
3764	221
3765	221
3766	4657
3767	4657
3768	501
3769	14677
3770	1818
3771	1882
3772	370
3773	8
3774	8
3775	27454
3776	8
3777	501
3778	54
3779	54
3780	583
3781	583
3782	8
3783	221
3784	8
3785	221
3786	17
3787	2969
3788	17
3789	17
3790	70910
3791	26667
3792	8
3793	289
3794	289
3795	500
3796	17
3797	17
3798	500
3799	500
3800	2342
3801	698
3802	4081
3803	7521
3804	11
3805	11
3806	7580
3807	12215
3808	583
3809	4954
3810	105
3811	105
3812	390
3813	390
3814	390
3815	47701
3816	583
3817	1292
3818	8
3819	652
3820	781
3821	390
3822	390
3823	48184
3824	1826
3825	583
3826	1849
3827	383
3828	5113
3829	5113
3830	6657
3831	6657
3832	1826
3833	1183
3834	2182
3835	13051
3836	26655
3837	26655
3838	26655
3839	166753
3840	105
3841	573
3842	1065
3843	2395
3844	452
3845	158
3846	158
3847	435
3848	158
3849	2774
3850	1841
3851	1064
3852	452
3853	452
3854	158
3855	158
3856	69
3857	158
3858	2783
3859	2783
3860	105
3861	12
3862	2386
3863	4466
3864	69
3865	4466
3866	69
3867	14702
3868	321
3869	321
3870	2989
3871	12633
3872	1831
3873	158
3874	158
3875	158
3876	478
3877	478
3878	478
3879	321
3880	459
3881	1957
3882	1831
3883	158
3884	8
3885	17
3886	17
3887	478
3888	321
3889	17
3890	8
3891	8
3892	1831
3893	1831
3894	2980
3895	2980
3896	2870
3897	2870
3898	2870
3899	2870
3900	3125
3901	3125
3902	9380
3903	9380
3904	105
3905	221
3906	583
3907	583
3908	1831
3909	1831
3910	652
3911	9177
3912	314
3913	1609
3914	314
3915	459
3916	2954
3917	159
3918	5121
3919	5121
3920	105
3921	314
3922	9353
3923	9353
3924	12
3925	12
3926	5038
3927	5038
3928	4401
3929	1831
3930	1320
3931	9988
3932	1320
3933	2240
3934	2164
3935	1831
3936	219
3937	27814
3938	69
3939	69
3940	105
3941	105
3942	12
3943	76917
3944	219
3945	1832
3946	219
3947	4250
3948	17
3949	17
3950	1988
3951	12472
3952	877
3953	219
3954	1556
3955	1556
3956	219
3957	617
3958	667
3959	667
3960	2728
3961	2216
3962	6122
3963	1900
3964	6122
3965	6122
3966	835
3967	835
3968	40
3969	667
3970	877
3971	219
3972	5854
3973	5854
3974	5854
3975	617
3976	69
3977	2364
3978	69
3979	2385
3980	69
3981	69
3982	184
3983	184
3984	617
3985	617
3986	617
3987	617
3988	617
3989	617
3990	1834
3991	1834
3992	1834
3993	617
3994	617
3995	2833
3996	617
3997	617
3998	617
3999	3827
4000	252
4001	4436
4002	1158
4003	1158
4004	2084
4005	2084
4006	2084
4007	14840
4008	308
4009	23405
4010	812
4011	6650
4012	1678
4013	2341
4014	2341
4015	14681
4016	365
4017	179
4018	179
4019	105
4020	1099
4021	1099
4022	14648
4023	14648
4024	365
4025	2867
4026	147
4027	3221
4028	9031
4029	9031
4030	6246
4031	91030
4032	501
4033	2232
4034	2185
4035	3245
4036	308
4037	165
4038	165
4039	9035
4040	54
4041	2812
4042	54
4043	2915
4044	921
4045	921
4046	1319
4047	1319
4048	1062
4049	1385
4050	14470
4051	14470
4052	501
4053	892
4054	3474
4055	9559
4056	1837
4057	165
4058	1837
4059	13043
4060	3049
4061	3049
4062	23383
4063	23383
4064	1957
4065	10177
4066	1062
4067	1062
4068	2616
4069	2616
4070	2511
4071	22944
4072	232
4073	51871
4074	1957
4075	9902
4076	1396
4077	2704
4078	2704
4079	107
4080	3037
4081	232
4082	10058
4083	10058
4084	9798
4085	9798
4086	13069
4087	13069
4088	28917
4089	4296
4090	2654
4091	8640
4092	52892
4093	52892
4094	51485
4095	471511
4096	69
4097	506
4098	277
4099	277
4100	1545
4101	1087
4102	1087
4103	3729
4104	298
4105	16181
4106	298
4107	996
4108	983
4109	49
4110	7894
4111	41885
4112	141
4113	298
4114	2934
4115	2934
4116	697
4117	697
4118	49
4119	49
4120	1107
4121	2441
4122	141
4123	14733
4124	2783
4125	1025
4126	1025
4127	52731
4128	127
4129	1065
4130	141
4131	141
4132	2269
4133	2269
4134	2982
4135	3202
4136	127
4137	9333
4138	127
4139	2007
4140	7
4141	7
4142	7
4143	23857
4144	110
4145	1633
4146	1633
4147	1633
4148	127
4149	823
4150	15896
4151	15896
4152	461
4153	3102
4154	362
4155	1932
4156	362
4157	362
4158	13872
4159	13872
4160	478
4161	1731
4162	1731
4163	1873
4164	127
4165	127
4166	127
4167	13598
4168	222
4169	4883
4170	810
4171	110
4172	691
4173	691
4174	1626
4175	1626
4176	11
4177	222
4178	4966
4179	4966
4180	125
4181	336
4182	1786
4183	1786
4184	127
4185	253
4186	823
4187	4878
4188	202
4189	202
4190	10094
4191	10094
4192	336
4193	9917
4194	2716
4195	2716
4196	463
4197	463
4198	463
4199	267
4200	1270
4201	8068
4202	478
4203	14900
4204	3001
4205	3001
4206	2513
4207	22840
4208	126
4209	336
4210	6302
4211	2303
4212	321
4213	321
4214	2516
4215	417
4216	306
4217	8683
4218	126
4219	8331
4220	16237
4221	16237
4222	15604
4223	95100
4224	715
4225	4082
4226	1434
4227	1434
4228	1434
4229	1434
4230	2201
4231	3650
4232	835
4233	23681
4234	125
4235	8195
4236	336
4237	336
4238	9781
4239	12686
4240	667
4241	2502
4242	4069
4243	4069
4244	99
4245	99
4246	336
4247	336
4248	871
4249	2450
4250	667
4251	23760
4252	3914
4253	1211
4254	1211
4255	53547
4256	174
4257	13925
4258	871
4259	212
4260	3211
4261	3211
4262	8575
4263	55265
4264	174
4265	54974
4266	11
4267	871
4268	447
4269	447
4270	424
4271	8444
4272	99
4273	60
4274	60
4275	862
4276	344
4277	69
4278	31365
4279	31365
4280	99
4281	1270
4282	99
4283	8353
4284	2590
4285	2590
4286	1550
4287	5411
4288	250
4289	5562
4290	1704
4291	1704
4292	99
4293	344
4294	344
4295	5562
4296	69
4297	69
4298	69
4299	2110
4300	1203
4301	316
4302	16107
4303	16107
4304	617
4305	3301
4306	3301
4307	1319
4308	174
4309	174
4310	3820
4311	3820
4312	2837
4313	259
4314	4178
4315	5235
4316	10006
4317	10006
4318	8270
4319	8270
4320	888
4321	16711
4322	617
4323	715
4324	510
4325	221
4326	221
4327	10113
4328	112
4329	12927
4330	888
4331	16852
4332	292
4333	292
4334	1948
4335	56259
4336	112
4337	112
4338	13481
4339	13481
4340	2853
4341	1641
4342	4249
4343	1055
4344	1436
4345	8705
4346	1436
4347	82935
4348	2433
4349	57
4350	25807
4351	149304
4352	521
4353	1811
4354	1811
4355	1811
4356	281
4357	281
4358	728
4359	5310
4360	270
4361	1804
4362	484
4363	606
4364	484
4365	281
4366	1394
4367	396
4368	250
4369	728
4370	10058
4371	10058
4372	174
4373	174
4374	2612
4375	2612
4376	250
4377	5389
4378	250
4379	31125
4380	1870
4381	1870
4382	1870
4383	2371
4384	768
4385	1907
4386	1907
4387	1907
4388	1907
4389	514
4390	2003
4391	8284
4392	768
4393	13636
4394	1957
4395	6055
4396	250
4397	250
4398	201
4399	16840
4400	40
4401	4030
4402	4030
4403	4030
4404	1003
4405	1003
4406	10044
4407	10044
4408	495
4409	10219
4410	3733
4411	3755
4412	3733
4413	4934
4414	25405
4415	55722
4416	521
4417	514
4418	8629
4419	2105
4420	956
4421	956
4422	998
4423	26420
4424	646
4425	1163
4426	646
4427	514
4428	2709
4429	2709
4430	17760
4431	4594
4432	29
4433	8269
4434	55862
4435	55862
4436	521
4437	11
4438	2301
4439	5624
4440	856
4441	979
4442	174
4443	1194
4444	174
4445	174
4446	13995
4447	13995
4448	31
4449	5623
4450	243
4451	90
4452	90
4453	90
4454	90
4455	13758
4456	626
4457	914
4458	31
4459	914
4460	8243
4461	8243
4462	8243
4463	868
4464	626
4465	626
4466	1374
4467	1374
4468	31
4469	31
4470	8708
4471	8708
4472	1519
4473	86757
4474	2638
4475	6050
4476	5759
4477	5759
4478	1374
4479	180
4480	521
4481	184
4482	465
4483	465
4484	156
4485	156
4486	156
4487	156
4488	1114
4489	2645
4490	693
4491	15630
4492	278
4493	31
4494	353
4495	353
4496	31
4497	1114
4498	1114
4499	1114
4500	947
4501	947
4502	975
4503	954
4504	687
4505	2045
4506	693
4507	8977
4508	8298
4509	14983
4510	2085
4511	17312
4512	29
4513	5024
4514	1681
4515	1681
4516	1681
4517	1681
4518	2131
4519	2539
4520	593
4521	26419
4522	29
4523	8396
4524	1720
4525	1720
4526	1720
4527	456
4528	2648
4529	343
4530	408
4531	408
4532	1506
4533	1506
4534	1816
4535	1816
4536	2648
4537	2864
4538	343
4539	5736
4540	4270
4541	8418
4542	8418
4543	58902
4544	143
4545	15593
4546	15391
4547	33353
4548	1
4549	1
4550	521
4551	8583
4552	113
4553	1729
4554	1
4555	142
4556	1958
4557	1958
4558	6102
4559	6102
4560	143
4561	113
4562	1799
4563	3047
4564	472
4565	102
4566	39
4567	39
4568	250
4569	201
4570	121
4571	1215
4572	668
4573	668
4574	34442
4575	34442
4576	102
4577	5204
4578	857
4579	857
4580	1907
4581	2392
4582	2392
4583	32992
4584	102
4585	5259
4586	102
4587	19050
4588	653
4589	653
4590	642
4591	89492
4592	37
4593	102
4594	374
4595	374
4596	1114
4597	1114
4598	3087
4599	3087
4600	2110
4601	18308
4602	4318
4603	26435
4604	9071
4605	9071
4606	58176
4607	353335
4608	17
4609	2242
4610	2436
4611	942
4612	936
4613	1951
4614	1951
4615	9025
4616	310
4617	472
4618	273
4619	5230
4620	110
4621	110
4622	8260
4623	8260
4624	310
4625	310
4626	472
4627	472
4628	121
4629	121
4630	853
4631	207
4632	310
4633	207
4634	310
4635	14587
4636	3046
4637	343
4638	343
4639	5901
4640	441
4641	2016
4642	310
4643	310
4644	14616
4645	14616
4646	33326
4647	4398
4648	124
4649	33301
4650	441
4651	310
4652	2003
4653	290
4654	290
4655	4553
4656	124
4657	220
4658	220
4659	3791
4660	441
4661	441
4662	14847
4663	14847
4664	250
4665	4557
4666	250
4667	250
4668	201
4669	201
4670	1976
4671	2595
4672	288
4673	328
4674	328
4675	328
4676	328
4677	1154
4678	1154
4679	1114
4680	998
4681	2372
4682	328
4683	328
4684	328
4685	328
4686	655
4687	655
4688	643
4689	655
4690	2205
4691	183
4692	124
4693	124
4694	6084
4695	2088
4696	643
4697	2088
4698	643
4699	18888
4700	514
4701	56
4702	4260
4703	9476
4704	441
4705	1418
4706	786
4707	273
4708	273
4709	121
4710	133
4711	27783
4712	441
4713	9743
4714	441
4715	903
4716	2393
4717	2393
4718	5324
4719	5264
4720	1695
4721	441
4722	9411
4723	9411
4724	787
4725	505
4726	505
4727	231
4728	231
4729	737
4730	787
4731	1475
4732	9989
4733	9989
4734	15028
4735	90289
4736	126
4737	4939
4738	124
4739	124
4740	1322
4741	1322
4742	1322
4743	2197
4744	365
4745	5212
4746	1769
4747	6043
4748	1769
4749	3736
4750	10025
4751	10025
4752	365
4753	2341
4754	6079
4755	6079
4756	1769
4757	1769
4758	3736
4759	3736
4760	2045
4761	291
4762	365
4763	206126
4764	110
4765	110
4766	110
4767	18647
4768	69
4769	368
4770	2292
4771	2292
4772	5241
4773	5241
4774	5241
4775	34367
4776	69
4777	20116
4778	69
4779	3736
4780	288
4781	124
4782	124
4783	5164
4784	2043
4785	732
4786	732
4787	732
4788	643
4789	643
4790	121
4791	121
4792	2043
4793	124
4794	643
4795	3089
4796	732
4797	732
4798	732
4799	3089
4800	652
4801	221
4802	2040
4803	2040
4804	578
4805	578
4806	500
4807	999
4808	2044
4809	2033
4810	289
4811	1838
4812	578
4813	578
4814	62241
4815	15519
4816	11
4817	2043
4818	2043
4819	2043
4820	521
4821	521
4822	1522
4823	1522
4824	2205
4825	500
4826	5172
4827	34216
4828	5172
4829	5172
4830	2010
4831	2010
4832	521
4833	16158
4834	11
4835	1
4836	5220
4837	5220
4838	5220
4839	18713
4840	521
4841	10256
4842	11
4843	2504
4844	5214
4845	5214
4846	5214
4847	210603
4848	703
4849	1
4850	10810
4851	15820
4852	461
4853	1752
4854	1926
4855	1926
4856	1752
4857	4058
4858	703
4859	154
4860	3729
4861	3729
4862	1984
4863	210049
4864	126
4865	93
4866	703
4867	703
4868	841
4869	841
4870	141
4871	1752
4872	446
4873	4632
4874	446
4875	737
4876	841
4877	841
4878	841
4879	841
4880	534
4881	446
4882	5421
4883	5421
4884	330
4885	330
4886	703
4887	703
4888	330
4889	703
4890	534
4891	35734
4892	446
4893	841
4894	841
4895	3295
4896	330
4897	832
4898	841
4899	202
4900	148
4901	976
4902	976
4903	11007
4904	810
4905	2773
4906	478
4907	446
4908	285
4909	285
4910	976
4911	11234
4912	810
4913	976
4914	321
4915	321
4916	534
4917	534
4918	35224
4919	35224
4920	11176
4921	10307
4922	11176
4923	2891
4924	2891
4925	1288
4926	5248
4927	5248
4928	126
4929	330
4930	1521
4931	1521
4932	2870
4933	2870
4934	1629
4935	34967
4936	1629
4937	285
4938	841
4939	841
4940	1243
4941	2870
4942	314
4943	285
4944	126
4945	1647
4946	1647
4947	3300
4948	69
4949	69
4950	14873
4951	14873
4952	285
4953	534
4954	285
4955	5108
4956	841
4957	841
4958	874
4959	874
4960	321
4961	34865
4962	534
4963	534
4964	534
4965	330
4966	330
4967	20373
4968	31
4969	3123
4970	663
4971	1111
4972	1111
4973	1111
4974	885
4975	3249
4976	31
4977	31
4978	330
4979	330
4980	663
4981	663
4982	4387
4983	20270
4984	841
4985	121056
4986	841
4987	121185
4988	841
4989	202
4990	35106
4991	35106
4992	330
4993	3848
4994	31
4995	31
4996	20326
4997	20326
4998	30702
4999	303
5000	1887
5001	8828
5002	1988
5003	3610
5004	1114
5005	1114
5006	4012
5007	4295
5008	1556
5009	715
5010	9657
5011	9657
5012	655
5013	655
5014	336
5015	336
5016	1556
5017	1900
5018	1172
5019	598
5020	9588
5021	2088
5022	2088
5023	20014
5024	1154
5025	4180
5026	1556
5027	1172
5028	828
5029	828
5030	3816
5031	18707
5032	1154
5033	18933
5034	219
5035	4408
5036	942
5037	942
5038	942
5039	1172
5040	682
5041	698
5042	698
5043	184
5044	289
5045	85
5046	314
5047	314
5048	85
5049	3099
5050	682
5051	2098
5052	5625
5053	5625
5054	11560
5055	63583
5056	363
5057	1286
5058	2833
5059	2833
5060	1154
5061	219
5062	219
5063	10523
5064	788
5065	1360
5066	788
5067	258
5068	258
5069	499
5070	30933
5071	30933
5072	363
5073	788
5074	10465
5075	10465
5076	617
5077	617
5078	5745
5079	5745
5080	344
5081	363
5082	269
5083	1299
5084	269
5085	316
5086	16216
5087	5908
5088	6556
5089	5438
5090	363
5091	363
5092	1476
5093	1476
5094	316
5095	3024
5096	6556
5097	35994
5098	6556
5099	35859
5100	1346
5101	1346
5102	3238
5103	19608
5104	3736
5105	368
5106	4176
5107	4176
5108	1299
5109	1299
5110	8714
5111	3101
5112	4016
5113	18690
5114	4016
5115	29434
5116	29884
5117	66666
5118	66900
5119	395235
5120	201
5121	3267
5122	3089
5123	3089
5124	296
5125	296
5126	430
5127	1477
5128	1400
5129	10595
5130	732
5131	3797
5132	732
5133	370
5134	5988
5135	971
5136	177
5137	1400
5138	430
5139	888
5140	734
5141	734
5142	370
5143	370
5144	177
5145	11393
5146	177
5147	66675
5148	2876
5149	2876
5150	3149
5151	29149
5152	506
5153	11081
5154	177
5155	177
5156	820
5157	2331
5158	2331
5159	1111
5160	506
5161	29175
5162	298
5163	1396
5164	71
5165	71
5166	213
5167	17283
5168	378
5169	478
5170	4118
5171	71
5172	298
5173	298
5174	10855
5175	2236
5176	739
5177	478
5178	766
5179	6765
5180	815
5181	815
5182	10788
5183	10788
5184	593
5185	739
5186	766
5187	766
5188	378
5189	378
5190	298
5191	10636
5192	1444
5193	2082
5194	2437
5195	378
5196	1104
5197	1104
5198	1104
5199	415
5200	127
5201	4042
5202	18469
5203	18469
5204	703
5205	52
5206	371
5207	298
5208	298
5209	1046
5210	737
5211	19015
5212	737
5213	737
5214	4290
5215	4290
5216	178
5217	830
5218	1449
5219	1449
5220	738
5221	738
5222	738
5223	28905
5224	52
5225	10890
5226	178
5227	10622
5228	10523
5229	17059
5230	3287
5231	19383
5232	293
5233	52
5234	1055
5235	1055
5236	1048
5237	1048
5238	956
5239	956
5240	3276
5241	28959
5242	293
5243	892
5244	919
5245	919
5246	919
5247	101949
5248	871
5249	6226
5250	356
5251	356
5252	177
5253	177
5254	177
5255	11261
5256	73
5257	100358
5258	1004
5259	1185
5260	639
5261	359
5262	1229
5263	1229
5264	359
5265	549
5266	549
5267	640
5268	1004
5269	1004
5270	359
5271	359
5272	359
5273	276
5274	73
5275	16892
5276	1277
5277	1277
5278	1277
5279	38501
5280	362
5281	11925
5282	841
5283	2438
5284	2438
5285	7083
5286	7083
5287	38601
5288	706
5289	1664
5290	362
5291	359
5292	73
5293	73
5294	1004
5295	1280
5296	126
5297	1241
5298	3453
5299	3453
5300	874
5301	874
5302	20200
5303	20200
5304	207
5305	4412
5306	178
5307	12123
5308	956
5309	956
5310	19499
5311	121004
5312	841
5313	267
5314	4358
5315	640
5316	78
5317	78
5318	78
5319	2382
5320	885
5321	3627
5322	463
5323	4630
5324	78
5325	78
5326	11883
5327	11883
5328	871
5329	3948
5330	19788
5331	4769
5332	202
5333	362
5334	1464
5335	1464
5336	1435
5337	947
5338	2085
5339	1399
5340	4550
5341	4550
5342	11290
5343	11290
5344	971
5345	67634
5346	871
5347	871
5348	1346
5349	1346
5350	218
5351	11516
5352	971
5353	1217
5354	971
5355	16693
5356	593
5357	126
5358	126
5359	232356
5360	971
5361	971
5362	1456
5363	1456
5364	1457
5365	1457
5366	1904
5367	1904
5368	6354
5369	1904
5370	11925
5371	68587
5372	11925
5373	17124
5374	103046
5375	38039
5376	11
5377	8
5378	6953
5379	3857
5380	362
5381	362
5382	871
5383	17027
5384	1664
5385	7113
5386	1664
5387	7176
5388	698
5389	698
5390	355
5391	593
5392	857
5393	1664
5394	1598
5395	1598
5396	706
5397	123
5398	698
5399	698
5400	777
5401	3696
5402	777
5403	32153
5404	5335
5405	11295
5406	11295
5407	1244
5408	1208
5409	871
5410	1006
5411	1006
5412	141
5413	141
5414	1408
5415	878
5416	1208
5417	11460
5418	2116
5419	3819
5420	992
5421	212
5422	212
5423	12222
5424	1208
5425	1213
5426	1213
5427	2498
5428	2116
5429	1713
5430	31721
5431	31721
5432	990
5433	12012
5434	990
5435	387
5436	2276
5437	2276
5438	7107
5439	7107
5440	69
5441	1208
5442	607
5443	607
5444	1188
5445	2110
5446	2110
5447	40379
5448	40425
5449	6217
5450	11317
5451	1188
5452	11317
5453	11317
5454	18414
5455	18414
5456	11
5457	40357
5458	237241
5459	237241
5460	11
5461	11
5462	1130
5463	2436
5464	1451
5465	122
5466	764
5467	2043
5468	764
5469	179
5470	650
5471	650
5472	604
5473	2121
5474	764
5475	764
5476	764
5477	764
5478	179
5479	133151
5480	876
5481	1451
5482	604
5483	7670
5484	1104
5485	1104
5486	1104
5487	4092
5488	308
5489	308
5490	757
5491	757
5492	3
5493	3
5494	1095
5495	1095
5496	179
5497	22328
5498	179
5499	3895
5500	21531
5501	21531
5502	31555
5503	186549
5504	370
5505	1052
5506	876
5507	876
5508	756
5509	756
5510	3735
5511	57
5512	396
5513	1126
5514	210
5515	1120
5516	210
5517	584
5518	2265
5519	6150
5520	396
5521	255
5522	876
5523	876
5524	210
5525	210
5526	4026
5527	4026
5528	1216
5529	1681
5530	396
5531	11510
5532	11449
5533	11449
5534	11449
5535	106231
5536	81
5537	712
5538	1053
5539	1053
5540	950
5541	950
5542	950
5543	11277
5544	81
5545	16749
5546	121
5547	7817
5548	1053
5549	1053
5550	398
5551	11408
5552	734
5553	584
5554	584
5555	1216
5556	3
5557	3
5558	6562
5559	3327
5560	734
5561	210
5562	514
5563	4063
5564	7919
5565	7919
5566	7919
5567	241410
5568	29
5569	308
5570	11571
5571	16885
5572	81
5573	121
5574	121
5575	1290
5576	1216
5577	179
5578	308
5579	179
5580	584
5581	584
5582	40157
5583	40157
5584	121
5585	1216
5586	2913
5587	2913
5588	29
5589	29
5590	3478
5591	6270
5592	1074
5593	1074
5594	1074
5595	308
5596	847
5597	847
5598	649
5599	649
5600	294
5601	32345
5602	728
5603	370
5604	11108
5605	11108
5606	11108
5607	16699
5608	371
5609	40130
5610	1957
5611	30849
5612	2009
5613	2009
5614	2009
5615	73259
5616	371
5617	371
5618	1289
5619	1289
5620	5624
5621	318
5622	11944
5623	11944
5624	11505
5625	2858
5626	2771
5627	6477
5628	7734
5629	7734
5630	72543
5631	432959
5632	12
5633	12100
5634	372
5635	372
5636	1109
5637	1109
5638	1109
5639	1099
5640	370
5641	1338
5642	370
5643	372
5644	81
5645	121
5646	8078
5647	8078
5648	614
5649	29
5650	11541
5651	11541
5652	180
5653	180
5654	6246
5655	6246
5656	614
5657	6246
5658	892
5659	23055
5660	370
5661	81
5662	81
5663	6598
5664	121
5665	1157
5666	614
5667	892
5668	921
5669	921
5670	264
5671	264
5672	121
5673	245181
5674	121
5675	614
5676	892
5677	892
5678	892
5679	22974
5680	1114
5681	1671
5682	1671
5683	1671
5684	121
5685	29
5686	139006
5687	139006
5688	232
5689	892
5690	615
5691	6630
5692	615
5693	615
5694	3474
5695	3474
5696	29
5697	232
5698	232
5699	232
5700	147
5701	147
5702	271
5703	11735
5704	271
5705	11649
5706	552
5707	552
5708	3
5709	3
5710	5605
5711	12215
5712	583
5713	1881
5714	1881
5715	2914
5716	1114
5717	121
5718	1509
5719	1509
5720	266
5721	1494
5722	266
5723	12086
5724	647
5725	647
5726	8190
5727	8190
5728	121
5729	3
5730	266
5731	266
5732	266
5733	647
5734	647
5735	41311
5736	121
5737	7361
5738	121
5739	2871
5740	1849
5741	1849
5742	2325
5743	2486
5744	1087
5745	121
5746	6478
5747	6478
5748	996
5749	996
5750	2183
5751	3667
5752	3794
5753	8078
5754	1087
5755	1087
5756	41781
5757	2618
5758	2618
5759	139335
5760	201
5761	19541
5762	121
5763	121
5764	565
5765	565
5766	697
5767	983
5768	125
5769	3529
5770	654
5771	565
5772	887
5773	887
5774	6385
5775	3126
5776	125
5777	697
5778	697
5779	697
5780	887
5781	887
5782	887
5783	887
5784	125
5785	3201
5786	125
5787	3201
5788	1025
5789	1025
5790	8189
5791	250826
5792	1
5793	1025
5794	697
5795	697
5796	697
5797	697
5798	697
5799	4675
5800	250
5801	74233
5802	12
5803	12348
5804	2989
5805	3197
5806	3197
5807	7331
5808	887
5809	887
5810	111
5811	111
5812	111
5813	111
5814	3292
5815	3292
5816	887
5817	1612
5818	887
5819	1612
5820	2439
5821	2439
5822	2439
5823	19893
5824	857
5825	887
5826	6519
5827	6519
5828	121
5829	29
5830	583
5831	111
5832	1114
5833	3637
5834	121
5835	6196
5836	121
5837	121
5838	3041
5839	3041
5840	459
5841	3104
5842	3104
5843	1484
5844	1658
5845	1658
5846	1298
5847	810
5848	810
5849	810
5850	3091
5851	3220
5852	1298
5853	1298
5854	6586
5855	6586
5856	306
5857	110
5858	306
5859	306
5860	1114
5861	121
5862	121
5863	42131
5864	1658
5865	22627
5866	306
5867	24363
5868	878
5869	878
5870	1990
5871	6627
5872	1270
5873	1658
5874	2737
5875	2737
5876	125
5877	125
5878	24527
5879	24527
5880	1270
5881	1270
5882	1270
5883	878
5884	142648
5885	142648
5886	142648
5887	143146
5888	1
5889	663
5890	1698
5891	1698
5892	306
5893	306
5894	306
5895	184
5896	4065
5897	24183
5898	1002
5899	534
5900	2240
5901	2240
5902	2164
5903	2164
5904	201
5905	3791
5906	42766
5907	42766
5908	1
5909	1
5910	12391
5911	12391
5912	12
5913	20348
5914	201
5915	254432
5916	2045
5917	2045
5918	2045
5919	417
5920	877
5921	2103
5922	1114
5923	1114
5924	121
5925	121
5926	121
5927	6825
5928	715
5929	23653
5930	877
5931	1114
5932	655
5933	1399
5934	1399
5935	130
5936	220
5937	205
5938	205
5939	205
5940	1154
5941	1154
5942	1615
5943	1615
5944	6632
5945	1615
5946	3965
5947	205
5948	3965
5949	3965
5950	3866
5951	1615
5952	1
5953	220
5954	1399
5955	205
5956	715
5957	715
5958	715
5959	4069
5960	8022
5961	6193
5962	8022
5963	220
5964	3914
5965	3914
5966	3837
5967	3837
5968	1
5969	3914
5970	1825
5971	1825
5972	1
5973	1
5974	715
5975	715
5976	715
5977	715
5978	715
5979	5536
5980	193
5981	193
5982	715
5983	715
5984	715
5985	3211
5986	715
5987	715
5988	766
5989	766
5990	220
5991	146787
5992	715
5993	424
5994	715
5995	424
5996	715
5997	766
5998	766
5999	3383
6000	1321
6001	579
6002	3267
6003	3267
6004	847
6005	847
6006	5212
6007	5212
6008	12470
6009	13829
6010	1322
6011	23865
6012	23404
6013	23404
6014	23405
6015	204862
6016	124
6017	2109
6018	2373
6019	2373
6020	3260
6021	3260
6022	3260
6023	3266
6024	121
6025	34475
6026	12
6027	14130
6028	12
6029	12
6030	3483
6031	3483
6032	147
6033	110
6034	110
6035	2273
6036	2794
6037	2794
6038	540
6039	368
6040	147
6041	3221
6042	1769
6043	34462
6044	2248
6045	2248
6046	2248
6047	13907
6048	643
6049	368
6050	3270
6051	1769
6052	5164
6053	12722
6054	12722
6055	12798
6056	101
6057	116095
6058	643
6059	7946
6060	4661
6061	4661
6062	14276
6063	2866
6064	419
6065	12
6066	201
6067	201
6068	1251
6069	1251
6070	5230
6071	2205
6072	419
6073	2391
6074	419
6075	676
6076	18694
6077	7877
6078	7877
6079	44890
6080	101
6081	419
6082	13012
6083	13012
6084	643
6085	643
6086	46
6087	7909
6088	121
6089	1240
6090	407
6091	407
6092	407
6093	734
6094	3525
6095	1251
6096	46
6097	121
6098	44789
6099	147683
6100	1023
6101	892
6102	3102
6103	3102
6104	3055
6105	124
6106	1743
6107	12454
6108	2616
6109	2616
6110	23461
6111	23461
6112	232
6113	22689
6114	2043
6115	2043
6116	2704
6117	2704
6118	2704
6119	12908
6120	232
6121	23438
6122	232
6123	35876
6124	4806
6125	2715
6126	2715
6127	14142
6128	13159
6129	3828
6130	2871
6131	2871
6132	5220
6133	5220
6134	12587
6135	12587
6136	13162
6137	13089
6138	18779
6139	18941
6140	23046
6141	36517
6142	36516
6143	471511
6144	11
6145	3187
6146	33
6147	154
6148	4058
6149	1138
6150	1984
6151	5230
6152	228
6153	2672
6154	228
6155	2996
6156	703
6157	703
6158	1138
6159	1138
6160	93
6161	228
6162	3022
6163	3022
6164	905
6165	703
6166	703
6167	192
6168	192
6169	46
6170	905
6171	78618
6172	2186
6173	2186
6174	737
6175	19013
6176	162
6177	1172
6178	192
6179	192
6180	810
6181	810
6182	810
6183	18654
6184	841
6185	7370
6186	162
6187	1175
6188	192
6189	29
6190	905
6191	13057
6192	841
6193	3287
6194	7951
6195	7951
6196	162
6197	162
6198	25409
6199	25409
6200	2982
6201	3116
6202	2982
6203	3202
6204	1850
6205	1850
6206	12466
6207	12466
6208	823
6209	2187
6210	3147
6211	3147
6212	193
6213	446
6214	446
6215	12560
6216	2751
6217	12765
6218	2751
6219	841
6220	3153
6221	3153
6222	4675
6223	4675
6224	823
6225	2751
6226	13199
6227	13199
6228	841
6229	841
6230	3102
6231	1644
6232	1288
6233	6
6234	0
6235	78120
6236	0
6237	129
6238	3426
6239	1125
6240	285
6241	4880
6242	0
6243	0
6244	0
6245	0
6246	129
6247	20307
6248	162
6249	1132
6250	285
6251	13598
6252	13697
6253	13697
6254	13697
6255	119975
6256	841
6257	162
6258	1508
6259	1508
6260	222
6261	222
6262	2205
6263	2205
6264	841
6265	19763
6266	162
6267	46308
6268	1462
6269	1462
6270	14274
6271	80527
6272	11
6273	3496
6274	874
6275	192
6276	192
6277	192
6278	192
6279	4179
6280	823
6281	79880
6282	841
6283	20200
6284	162
6285	162
6286	6621
6287	6621
6288	687
6289	4413
6290	13403
6291	3123
6292	885
6293	220
6294	162
6295	162
6296	220
6297	4554
6298	687
6299	4554
6300	2138
6301	2138
6302	2138
6303	36792
6304	534
6305	13597
6306	2716
6307	2716
6308	14235
6309	20270
6310	2513
6311	22840
6312	534
6313	34851
6314	11
6315	3044
6316	823
6317	823
6318	841
6319	19508
6320	306
6321	1005
6322	1005
6323	2053
6324	950
6325	950
6326	13628
6327	19724
6328	31
6329	8069
6330	663
6331	6050
6332	13360
6333	13360
6334	13360
6335	13414
6336	330
6337	2314
6338	1433
6339	1433
6340	823
6341	2330
6342	2330
6343	13812
6344	2330
6345	31
6346	3347
6347	200
6348	1733
6349	1733
6350	13884
6351	13884
6352	11
6353	2516
6354	3796
6355	3796
6356	105
6357	105
6358	1373
6359	1373
6360	13551
6361	2789
6362	13551
6363	19630
6364	20470
6365	7952
6366	8020
6367	8020
6368	82
6369	26123
6370	11
6371	11
6372	371
6373	371
6374	162
6375	7915
6376	82
6377	7729
6378	393
6379	4270
6380	1328
6381	1565
6382	1565
6383	45277
6384	82
6385	82
6386	1804
6387	29
6388	393
6389	393
6390	1565
6391	1565
6392	1815
6393	6831
6394	1815
6395	47089
6396	951
6397	951
6398	4101
6399	4101
6400	715
6401	3858
6402	5411
6403	5411
6404	862
6405	862
6406	862
6407	12685
6408	42
6409	3525
6410	297
6411	4881
6412	803
6413	862
6414	2658
6415	2658
6416	344
6417	42
6418	20912
6419	7439
6420	499
6421	499
6422	3300
6423	3300
6424	344
6425	3300
6426	201
6427	21486
6428	495
6429	495
6430	5745
6431	13860
6432	344
6433	862
6434	3043
6435	3539
6436	3539
6437	2028
6438	2028
6439	7065
6440	344
6441	14225
6442	344
6443	12675
6444	201
6445	201
6446	1
6447	6828
6448	1
6449	1618
6450	847
6451	847
6452	344
6453	201
6454	21366
6455	46981
6456	6684
6457	7644
6458	6684
6459	26549
6460	2262
6461	2262
6462	124302
6463	124302
6464	105
6465	1
6466	46233
6467	46233
6468	110
6469	110
6470	2856
6471	124218
6472	368
6473	299
6474	1288
6475	1288
6476	1288
6477	110
6478	942
6479	942
6480	330
6481	21158
6482	7169
6483	7169
6484	105
6485	105
6486	175
6487	175
6488	56
6489	175
6490	57
6491	7463
6492	726
6493	726
6494	1289
6495	110
6496	8
6497	4704
6498	56
6499	56
6500	292
6501	1050
6502	1050
6503	82403
6504	281
6505	887
6506	281
6507	3876
6508	3621
6509	7118
6510	6857
6511	38291
6512	281
6513	281
6514	2367
6515	2367
6516	1213
6517	1213
6518	1524
6519	1524
6520	7358
6521	82935
6522	2433
6523	13726
6524	2433
6525	60
6526	21140
6527	7442
6528	105
6529	2025
6530	1440
6531	1440
6532	1440
6533	1440
6534	1106
6535	1106
6536	349
6537	47615
6538	349
6539	1284
6540	281
6541	281
6542	2346
6543	2468
6544	1213
6545	206
6546	206
6547	206
6548	349
6549	8
6550	1394
6551	1394
6552	1213
6553	246
6554	349
6555	6337
6556	7098
6557	7098
6558	25672
6559	1704
6560	11
6561	3240
6562	3786
6563	1489
6564	1489
6565	1489
6566	1489
6567	891
6568	69
6569	4508
6570	330
6571	20766
6572	1853
6573	1853
6574	1853
6575	1853
6576	56
6577	56
6578	56
6579	56
6580	415
6581	1288
6582	206
6583	206
6584	1288
6585	56
6586	56
6587	27737
6588	252
6589	252
6590	206
6591	285484
6592	1084
6593	6339
6594	4112
6595	4112
6596	69
6597	69
6598	69
6599	27420
6600	1296
6601	7108
6602	2129
6603	885
6604	2129
6605	2129
6606	21473
6607	21473
6608	1084
6609	207
6610	6923
6611	2514
6612	768
6613	768
6614	14254
6615	21199
6616	271
6617	349
6618	349
6619	207
6620	703
6621	703
6622	85137
6623	85137
6624	294
6625	3684
6626	1084
6627	1084
6628	1291
6629	1291
6630	2105
6631	14019
6632	768
6633	21103
6634	294
6635	47425
6636	349
6637	349
6638	349
6639	28088
6640	2709
6641	768
6642	3279
6643	3279
6644	1388
6645	1388
6646	49073
6647	49073
6648	252
6649	162785
6650	2709
6651	271
6652	21261
6653	48304
6654	48304
6655	287250
6656	11
6657	826
6658	230
6659	230
6660	3171
6661	3171
6662	6998
6663	7058
6664	105
6665	1084
6666	69
6667	4386
6668	69
6669	69
6670	20909
6671	47551
6672	1818
6673	105
6674	7611
6675	4146
6676	221
6677	221
6678	167
6679	167
6680	1818
6681	1377
6682	1818
6683	7492
6684	8
6685	8
6686	8
6687	4457
6688	8
6689	8
6690	1818
6691	1818
6692	7439
6693	4657
6694	4657
6695	8
6696	8
6697	167
6698	8
6699	614
6700	1280
6701	1403
6702	1403
6703	84682
6704	626
6705	3288
6706	3288
6707	179
6708	573
6709	573
6710	86757
6711	86757
6712	2638
6713	14551
6714	3453
6715	1793
6716	7058
6717	7058
6718	1818
6719	1818
6720	278
6721	465
6722	465
6723	102
6724	102
6725	573
6726	573
6727	6991
6728	573
6729	221
6730	465
6731	465
6732	102
6733	102
6734	6526
6735	6526
6736	573
6737	47683
6738	26667
6739	26667
6740	278
6741	105
6742	3885
6743	1513
6744	573
6745	1513
6746	573
6747	4175
6748	8
6749	8
6750	21951
6751	21951
6752	573
6753	1427
6754	11
6755	11
6756	652
6757	652
6758	652
6759	5070
6760	105
6761	7521
6762	573
6763	11
6764	7580
6765	4882
6766	4882
6767	5003
6768	652
6769	8
6770	7568
6771	7568
6772	390
6773	390
6774	8
6775	8
6776	652
6777	5459
6778	652
6779	5459
6780	47701
6781	47701
6782	47701
6783	4819
6784	11
6785	5245
6786	8
6787	8
6788	652
6789	3
6790	390
6791	390
6792	5113
6793	510
6794	5113
6795	652
6796	5113
6797	5113
6798	7361
6799	7361
6800	2648
6801	2334
6802	2334
6803	2334
6804	3919
6805	3919
6806	1826
6807	1826
6808	1826
6809	6657
6810	2648
6811	89406
6812	14710
6813	3857
6814	3857
6815	6443
6816	11
6817	9500
6818	8707
6819	26655
6820	15391
6821	15391
6822	20698
6823	22428
6824	11
6825	295598
6826	11
6827	9042
6828	435
6829	435
6830	2339
6831	184
6832	698
6833	527
6834	527
6835	527
6836	1841
6837	158
6838	435
6839	435
6840	698
6841	699
6842	1841
6843	8878
6844	1064
6845	1064
6846	466
6847	4406
6848	1831
6849	158
6850	699
6851	527
6852	105
6853	105
6854	105
6855	4253
6856	69
6857	158
6858	69
6859	4932
6860	105
6861	105
6862	50200
6863	50200
6864	1831
6865	4466
6866	4466
6867	4466
6868	1831
6869	1831
6870	8870
6871	8870
6872	304
6873	69
6874	148
6875	26999
6876	148
6877	148
6878	148
6879	987
6880	221
6881	8979
6882	1831
6883	1831
6884	158
6885	158
6886	158
6887	165958
6888	1658
6889	7619
6890	221
6891	5066
6892	158
6893	158
6894	158
6895	26660
6896	8
6897	1658
6898	1612
6899	110
6900	477
6901	477
6902	2913
6903	2715
6904	991
6905	8782
6906	196
6907	8823
6908	1846
6909	158
6910	15316
6911	89106
6912	308
6913	991
6914	196
6915	196
6916	221
6917	221
6918	1831
6919	28186
6920	2107
6921	21689
6922	3125
6923	1561
6924	1948
6925	1948
6926	221
6927	1831
6928	69
6929	5777
6930	89
6931	89
6932	105
6933	105
6934	1948
6935	1948
6936	69
6937	4515
6938	69
6939	169689
6940	123
6941	221
6942	221
6943	49629
6944	105
6945	8
6946	1831
6947	1831
6948	1831
6949	1831
6950	221
6951	8727
6952	105
6953	9177
6954	69
6955	197
6956	159
6957	159
6958	159
6959	27233
6960	105
6961	314
6962	314
6963	159
6964	69
6965	69
6966	5121
6967	5121
6968	27620
6969	1270
6970	9353
6971	314
6972	27620
6973	27620
6974	4223
6975	4223
6976	506
6977	69
6978	1698
6979	1698
6980	1320
6981	4401
6982	4401
6983	1982
6984	4401
6985	1831
6986	4401
6987	6302
6988	6302
6989	4065
6990	1605
6991	1605
6992	506
6993	1831
6994	1831
6995	1831
6996	46
6997	46
6998	22840
6999	22840
7000	901
7001	4597
7002	1704
7003	25493
7004	1704
7005	1681
7006	7118
7007	2595
7008	998
7009	16019
7010	884
7011	884
7012	884
7013	884
7014	712
7015	38197
7016	998
7017	16240
7018	998
7019	2369
7020	4194
7021	4194
7022	4194
7023	40134
7024	1053
7025	998
7026	998
7027	998
7028	998
7029	149
7030	4512
7031	4512
7032	6562
7033	40312
7034	2205
7035	14828
7036	2205
7037	2205
7038	135262
7039	135262
7040	252
7041	7835
7042	1245
7043	2377
7044	15182
7045	15182
7046	15182
7047	3480
7048	308
7049	8850
7050	3
7051	7974
7052	288
7053	288
7054	2400
7055	2400
7056	179
7057	461
7058	29
7059	29
7060	1133
7061	273
7062	2898
7063	2898
7064	273
7065	2571
7066	179
7067	29
7068	9775
7069	9775
7070	14933
7071	15297
7072	288
7073	2698
7074	179
7075	179
7076	9160
7077	9160
7078	9160
7079	8943
7080	288
7081	92032
7082	288
7083	3451
7084	649
7085	1483
7086	1483
7087	1483
7088	718
7089	1834
7090	505
7091	505
7092	847
7093	847
7094	718
7095	718
7096	718
7097	718
7098	1834
7099	1834
7100	4699
7101	4699
7102	27718
7103	162785
7104	1099
7105	7732
7106	2370
7107	2370
7108	288
7109	288
7110	252
7111	26853
7112	826
7113	6292
7114	1289
7115	2197
7116	2084
7117	2084
7118	14832
7119	3322
7120	230
7121	4898
7122	6477
7123	6477
7124	365
7125	365
7126	15008
7127	15008
7128	3260
7129	308
7130	4146
7131	6650
7132	1678
7133	2341
7134	15185
7135	15185
7136	365
7137	3266
7138	147
7139	1988
7140	7920
7141	7920
7142	291
7143	2319
7144	365
7145	90340
7146	147
7147	3483
7148	1518
7149	1518
7150	8078
7151	14833
7152	2292
7153	365
7154	2867
7155	60
7156	3466
7157	9031
7158	532
7159	532
7160	14677
7161	15870
7162	14677
7163	15207
7164	23152
7165	23152
7166	52736
7167	310148
7168	521
7169	1988
7170	2185
7171	2185
7172	288
7173	308
7174	308
7175	8714
7176	1385
7177	8714
7178	1385
7179	506
7180	54
7181	54
7182	2760
7183	2760
7184	1062
7185	1385
7186	105
7187	105
7188	506
7189	506
7190	54
7191	921
7192	892
7193	1319
7194	1062
7195	52921
7196	1385
7197	370
7198	370
7199	300
7200	289
7201	4852
7202	221
7203	614
7204	6630
7205	2233
7206	2233
7207	2104
7208	500
7209	3480
7210	289
7211	4097
7212	1088
7213	1088
7214	3049
7215	15606
7216	500
7217	3049
7218	950
7219	950
7220	289
7221	615
7222	41443
7223	15519
7224	501
7225	3072
7226	501
7227	23361
7228	892
7229	1062
7230	42155
7231	42155
7232	11
7233	2511
7234	2511
7235	2511
7236	232
7237	232
7238	1957
7239	1301
7240	1509
7241	15996
7242	2205
7243	500
7244	2205
7245	3217
7246	892
7247	1062
7248	11
7249	1396
7250	16158
7251	16158
7252	11
7253	11
7254	232
7255	232
7256	9798
7257	10058
7258	9798
7259	8554
7260	2369
7261	2369
7262	15848
7263	23412
7264	69
7265	8621
7266	9927
7267	9927
7268	9927
7269	28917
7270	2370
7271	92618
7272	69
7273	22834
7274	11
7275	8598
7276	51485
7277	51485
7278	176180
7279	178035
7280	461
7281	69
7282	3018
7283	1198
7284	127
7285	127
7286	1177
7287	277
7288	52
7289	506
7290	996
7291	377
7292	1177
7293	1177
7294	1177
7295	52916
7296	250
7297	277
7298	52
7299	52
7300	4978
7301	4978
7302	1491
7303	7962
7304	141
7305	92651
7306	141
7307	2755
7308	697
7309	697
7310	4197
7311	6385
7312	1107
7313	2934
7314	2934
7315	2934
7316	141
7317	697
7318	697
7319	106
7320	1107
7321	7966
7322	141
7323	15536
7324	2441
7325	2441
7326	3201
7327	139911
7328	336
7329	52607
7330	8189
7331	2783
7332	2783
7333	2783
7334	2783
7335	23417
7336	125
7337	52731
7338	336
7339	1065
7340	141
7341	141
7342	141
7343	14702
7344	110
7345	2982
7346	1053
7347	1053
7348	127
7349	127
7350	16206
7351	16206
7352	321
7353	2982
7354	110
7355	9333
7356	2007
7357	2007
7358	2007
7359	179817
7360	478
7361	7
7362	193
7363	193
7364	127
7365	127
7366	127
7367	9837
7368	202
7369	356
7370	321
7371	3153
7372	110
7373	127
7374	1836
7375	1836
7376	336
7377	5775
7378	5775
7379	5775
7380	125
7381	125
7382	1932
7383	1932
7384	362
7385	362
7386	445
7387	639
7388	445
7389	445
7390	3041
7391	9406
7392	691
7393	9418
7394	336
7395	250
7396	445
7397	445
7398	445
7399	29990
7400	83
7401	42387
7402	1298
7403	16188
7404	314
7405	314
7406	314
7407	141484
7408	810
7409	691
7410	6586
7411	6586
7412	2870
7413	2870
7414	314
7415	314
7416	2928
7417	3246
7418	1626
7419	10118
7420	42876
7421	15913
7422	94253
7423	94253
7424	17
7425	2636
7426	24363
7427	9751
7428	336
7429	336
7430	478
7431	14929
7432	309
7433	14968
7434	878
7435	820
7436	127
7437	127
7438	1786
7439	1786
7440	478
7441	309
7442	15683
7443	24527
7444	125
7445	336
7446	127
7447	127
7448	336
7449	4412
7450	478
7451	97640
7452	2932
7453	2932
7454	9917
7455	9917
7456	126
7457	196
7458	463
7459	463
7460	289
7461	184
7462	184
7463	1602
7464	126
7465	53409
7466	126
7467	463
7468	250
7469	250
7470	125
7471	22644
7472	126
7473	9391
7474	9391
7475	9391
7476	303
7477	303
7478	30452
7479	30452
7480	4065
7481	54941
7482	127
7483	336
7484	127
7485	202
7486	4769
7487	4769
7488	1
7489	303
7490	1369
7491	1369
7492	126
7493	126
7494	303
7495	497
7496	30702
7497	6121
7498	30702
7499	303
7500	6639
7501	6639
7502	15487
7503	15487
7504	17
7505	15604
7506	144139
7507	144139
7508	521
7509	521
7510	6824
7511	2253
7512	2201
7513	231
7514	2201
7515	23622
7516	183
7517	1434
7518	126
7519	126
7520	667
7521	3650
7522	835
7523	835
7524	125
7525	125
7526	336
7527	53737
7528	99
7529	8195
7530	667
7531	15721
7532	2176
7533	3965
7534	3965
7535	1434
7536	99
7537	99
7538	10079
7539	30297
7540	667
7541	667
7542	4069
7543	4069
7544	336
7545	9827
7546	336
7547	10080
7548	250
7549	250
7550	15549
7551	24037
7552	715
7553	1367
7554	99
7555	99
7556	1211
7557	492
7558	492
7559	212
7560	715
7561	240
7562	174
7563	1211
7564	174
7565	174
7566	212
7567	212
7568	250
7569	212
7570	3411
7571	99
7572	174
7573	174
7574	8575
7575	5776
7576	250
7577	5776
7578	250
7579	31867
7580	54974
7581	54974
7582	54974
7583	53735
7584	250
7585	212
7586	447
7587	447
7588	447
7589	447
7590	60
7591	8330
7592	174
7593	5335
7594	250
7595	19
7596	447
7597	447
7598	447
7599	2025
7600	1076
7601	258
7602	258
7603	258
7604	258
7605	109
7606	3826
7607	8324
7608	99
7609	99
7610	258
7611	3064
7612	3065
7613	3065
7614	3468
7615	147441
7616	174
7617	8315
7618	8315
7619	8315
7620	617
7621	617
7622	617
7623	3705
7624	75
7625	1704
7626	99
7627	1704
7628	99
7629	69
7630	16216
7631	16216
7632	715
7633	75
7634	9710
7635	9710
7636	174
7637	174
7638	69
7639	69
7640	316
7641	75
7642	75
7643	1373
7644	99
7645	99
7646	54856
7647	31005
7648	216
7649	30983
7650	715
7651	715
7652	1319
7653	1319
7654	1319
7655	1319
7656	216
7657	5909
7658	216
7659	30813
7660	3242
7661	8416
7662	8416
7663	54746
7664	10006
7665	216
7666	216
7667	216
7668	216
7669	216
7670	9968
7671	9968
7672	8270
7673	1179
7674	31032
7675	58
7676	31032
7677	31032
7678	188196
7679	188196
7680	521
7681	55592
7682	174
7683	250
7684	48
7685	48
7686	48
7687	1981
7688	728
7689	443
7690	112
7691	221
7692	728
7693	728
7694	48
7695	48
7696	728
7697	728
7698	7644
7699	7644
7700	2853
7701	2853
7702	2922
7703	2922
7704	1641
7705	292
7706	112
7707	56259
7708	112
7709	112
7710	888
7711	16936
7712	17
7713	4183
7714	1641
7715	112
7716	1055
7717	1055
7718	1055
7719	728
7720	17
7721	100867
7722	29
7723	1641
7724	1436
7725	1436
7726	1436
7727	56787
7728	1
7729	57
7730	16877
7731	25363
7732	29
7733	521
7734	56566
7735	56566
7736	1811
7737	5393
7738	396
7739	396
7740	4728
7741	4728
7742	10030
7743	10030
7744	514
7745	484
7746	728
7747	728
7748	728
7749	728
7750	270
7751	56491
7752	484
7753	1804
7754	484
7755	728
7756	728
7757	728
7758	396
7759	396
7760	514
7761	1996
7762	1996
7763	1996
7764	1957
7765	1957
7766	728
7767	728
7768	250
7769	5629
7770	174
7771	10057
7772	174
7773	250
7774	728
7775	728
7776	1957
7777	5389
7778	250
7779	105
7780	174
7781	174
7782	250
7783	1988
7784	1957
7785	31125
7786	1957
7787	32280
7788	1853
7789	1853
7790	1870
7791	5677
7792	1907
7793	1957
7794	1907
7795	1907
7796	1907
7797	1288
7798	1288
7799	56
7800	2437
7801	17023
7802	2437
7803	1695
7804	5053
7805	8284
7806	8284
7807	336259
7808	521
7809	1906
7810	40
7811	40
7812	175
7813	175
7814	174
7815	8953
7816	514
7817	56958
7818	1957
7819	250
7820	40
7821	1003
7822	5069
7823	1208
7824	495
7825	2039
7826	2039
7827	1847
7828	728
7829	728
7830	1003
7831	1003
7832	495
7833	10044
7834	495
7835	55614
7836	32354
7837	32354
7838	32354
7839	31331
7840	29
7841	495
7842	495
7843	495
7844	55722
7845	189299
7846	189299
7847	5552
7848	1
7849	189380
7850	521
7851	8400
7852	8629
7853	8629
7854	1967
7855	1967
7856	5236
7857	1957
7858	1957
7859	1957
7860	646
7861	646
7862	55938
7863	31142
7864	5236
7865	728
7866	5236
7867	728
7868	1957
7869	1084
7870	514
7871	56964
7872	31
7873	5236
7874	32609
7875	32609
7876	1
7877	1
7878	11
7879	1388
7880	521
7881	5236
7882	1
7883	31108
7884	1
7885	1
7886	189741
7887	287250
7888	573
7889	230
7890	5624
7891	5624
7892	31
7893	31
7894	5561
7895	5561
7896	105
7897	105
7898	69
7899	230
7900	549
7901	549
7902	25093
7903	25093
7904	1005
7905	9793
7906	1005
7907	1005
7908	1374
7909	1374
7910	66
7911	25061
7912	631
7913	1226
7914	1005
7915	1380
7916	90
7917	1374
7918	1374
7919	32138
7920	4847
7921	631
7922	588
7923	588
7924	8243
7925	8243
7926	914
7927	914
7928	5825
7929	1374
7930	4847
7931	56183
7932	868
7933	868
7934	868
7935	1157240
7936	102
7937	31
7938	1374
7939	1374
7940	1005
7941	1005
7942	1005
7943	1385
7944	5759
7945	5393
7946	5759
7947	1586
7948	5759
7949	5759
7950	1005
7951	1005
7952	521
7953	5759
7954	6050
7955	6050
7956	1
7957	1
7958	5759
7959	7058
7960	521
7961	9038
7962	1
7963	192899
7964	156
7965	156
7966	156
7967	5759
7968	573
7969	573
7970	1689
7971	156
7972	156
7973	156
7974	156
7975	1076
7976	31
7977	573
7978	573
7979	8
7980	31
7981	31
7982	31
7983	156
7984	31
7985	31
7986	573
7987	573
7988	8
7989	8
7990	353
7991	353
7992	31
7993	353
7994	31
7995	573
7996	573
7997	8
7998	26975
7999	26975
8000	202
8001	463
8002	4587
8003	4587
8004	1559
8005	1559
8006	947
8007	17228
8008	2085
8009	2475
8010	4550
8011	497
8012	4550
8013	8069
8014	6321
8015	17295
8016	871
8017	2085
8018	17312
8019	25068
8020	202
8021	202
8022	6643
8023	6643
8024	2510
8025	2509
8026	2510
8027	16398
8028	5105
8029	5105
8030	29484
8031	8128
8032	1733
8033	16693
8034	593
8035	593
8036	593
8037	29
8038	29
8039	347512
8040	1733
8041	8030
8042	1457
8043	2066
8044	2186
8045	2186
8046	4247
8047	24742
8048	1506
8049	1506
8050	1373
8051	587
8052	1457
8053	1457
8054	587
8055	408
8056	4583
8057	8223
8058	1816
8059	693
8060	17124
8061	17124
8062	103046
8063	103046
8064	393
8065	408
8066	1506
8067	1506
8068	8418
8069	8418
8070	2280
8071	1457
8072	871
8073	26323
8074	118
8075	8418
8076	143
8077	143
8078	8673
8079	33703
8080	931
8081	3338
8082	5100
8083	5100
8084	113
8085	113
8086	521
8087	521
8088	1958
8089	1
8090	931
8091	4231
8092	4169
8093	1729
8094	1729
8095	57485
8096	143
8097	39
8098	1958
8099	1958
8100	5976
8101	5976
8102	5976
8103	46632
8104	82
8105	102897
8106	857
8107	17108
8108	16930
8109	4225
8110	5335
8111	31307
8112	2025
8113	162
8114	871
8115	871
8116	3819
8117	3819
8118	4418
8119	4418
8120	141
8121	1925
8122	2025
8123	941
8124	16801
8125	16801
8126	16801
8127	26211
8128	4271
8129	121
8130	7328
8131	7328
8132	857
8133	857
8134	857
8135	18217
8136	4122
8137	26369
8138	1907
8139	143
8140	495
8141	2498
8142	3309
8143	3309
8144	2116
8145	4122
8146	26399
8147	8504
8148	1906
8149	1906
8150	17891
8151	17891
8152	2276
8153	857
8154	4161
8155	26411
8156	1965
8157	1965
8158	1878
8159	1878
8160	2110
8161	17963
8162	2116
8163	4271
8164	4223
8165	1076
8166	1076
8167	9040
8168	1906
8169	374
8170	2110
8171	18109
8172	5003
8173	5003
8174	8286
8175	8869
8176	9071
8177	1906
8178	374
8179	374
8180	16619
8181	26549
8182	26435
8183	1450
8184	58176
8185	58835
8186	58176
8187	33670
8188	33033
8189	33033
8190	156709
8191	945211
8192	69
8193	1869
8194	143
8195	143
8196	5230
8197	5230
8198	5230
8199	102
8200	216
8201	31032
8202	1288
8203	500
8204	1451
8205	1451
8206	626
8207	626
8208	175
8209	110
8210	4324
8211	6187
8212	443
8213	757
8214	1451
8215	1451
8216	757
8217	4627
8218	175
8219	58165
8220	1289
8221	1289
8222	1451
8223	106294
8224	604
8225	3767
8226	175
8227	175
8228	207
8229	207
8230	6841
8231	16551
8232	604
8233	16800
8234	604
8235	4530
8236	175
8237	310
8238	310
8239	57637
8240	604
8241	2220
8242	2220
8243	2220
8244	56
8245	56
8246	8968
8247	8968
8248	310
8249	2016
8250	757
8251	3976
8252	757
8253	175
8254	26319
8255	11831
8256	441
8257	8389
8258	8389
8259	33326
8260	604
8261	604
8262	56
8263	25764
8264	2003
8265	61262
8266	2003
8267	441
8268	220
8269	220
8270	2081
8271	5063
8272	252
8273	2003
8274	60952
8275	60952
8276	441
8277	124
8278	220
8279	220
8280	56
8281	4140
8282	441
8283	61249
8284	441
8285	441
8286	5317
8287	5317
8288	124
8289	147
8290	1704
8291	1905
8292	1905
8293	1905
8294	1905
8295	33324
8296	124
8297	250
8298	124
8299	220
8300	5629
8301	7098
8302	7098
8303	106231
8304	698
8305	584
8306	730
8307	884
8308	891
8309	1201
8310	1465
8311	1465
8312	698
8313	17243
8314	698
8315	18084
8316	27441
8317	27441
8318	1040
8319	60802
8320	349
8321	2119
8322	3619
8323	3619
8324	3619
8325	891
8326	891
8327	587
8328	441
8329	60367
8330	584
8331	18130
8332	584
8333	584
8334	27247
8335	27247
8336	441
8337	10084
8338	10084
8339	10084
8340	514
8341	514
8342	584
8343	252
8344	56
8345	1224
8346	441
8347	10034
8348	10102
8349	6084
8350	4073
8351	106662
8352	8
8353	27420
8354	441
8355	441
8356	9476
8357	9476
8358	328
8359	1220184
8360	81
8361	160090
8362	8
8363	1418
8364	786
8365	786
8366	786
8367	5301
8368	124
8369	121
8370	133
8371	133
8372	441
8373	441
8374	9802
8375	9802
8376	124
8377	5262
8378	124
8379	5262
8380	4693
8381	903
8382	903
8383	9770
8384	177
8385	5324
8386	5324
8387	5324
8388	231
8389	231
8390	787
8391	9512
8392	787
8393	441
8394	231
8395	1989
8396	231
8397	231
8398	1989
8399	1989
8400	349
8401	6319
8402	3702
8403	3702
8404	81
8405	81
8406	28028
8407	28028
8408	9989
8409	787
8410	6209
8411	16699
8412	16400
8413	16400
8414	16435
8415	28165
8416	230
8417	60312
8418	177
8419	177
8420	399
8421	399
8422	399
8423	16734
8424	230
8425	25063
8426	825
8427	9969
8428	1322
8429	1322
8430	3047
8431	107660
8432	371
8433	230
8434	26657
8435	9609
8436	825
8437	825
8438	1322
8439	6043
8440	2771
8441	17456
8442	4386
8443	162592
8444	10025
8445	10025
8446	10202
8447	10202
8448	126
8449	6079
8450	3038
8451	4146
8452	167
8453	2045
8454	2045
8455	60141
8456	2045
8457	6079
8458	1769
8459	1769
8460	167
8461	167
8462	554
8463	554
8464	177
8465	2045
8466	206126
8467	206126
8468	126
8469	126
8470	4147
8471	9490
8472	177
8473	9490
8474	177
8475	34709
8476	1944
8477	1944
8478	1944
8479	1769
8480	1023
8481	10136
8482	10076
8483	10076
8484	5241
8485	5241
8486	5241
8487	34462
8488	2043
8489	34367
8490	1023
8491	60943
8492	177
8493	126
8494	126
8495	1769
8496	2043
8497	124
8498	124
8499	165
8500	1818
8501	180
8502	17905
8503	17905
8504	264
8505	26820
8506	290
8507	1526
8508	1526
8509	1526
8510	109610
8511	109610
8512	1114
8513	180
8514	4629
8515	4629
8516	1023
8517	1023
8518	1023
8519	60659
8520	2645
8521	2994
8522	2645
8523	221
8524	5091
8525	670
8526	62552
8527	62552
8528	177
8529	124
8530	110100
8531	110100
8532	8
8533	8
8534	1023
8535	1023
8536	578
8537	2040
8538	2044
8539	2043
8540	897
8541	289
8542	26975
8543	2040
8544	521
8545	2004
8546	578
8547	2044
8548	2044
8549	2044
8550	289
8551	27991
8552	521
8553	1838
8554	521
8555	1838
8556	34331
8557	34331
8558	34331
8559	34331
8560	652
8561	521
8562	1023
8563	1023
8564	521
8565	1
8566	2043
8567	2043
8568	1743
8569	33992
8570	1522
8571	10272
8572	1522
8573	1522
8574	124
8575	124
8576	126
8577	2044
8578	5172
8579	5172
8580	2011
8581	2011
8582	2011
8583	5172
8584	1
8585	35954
8586	1
8587	2043
8588	1
8589	11
8590	2011
8591	2011
8592	1
8593	1
8594	1
8595	1
8596	1
8597	1
8598	9798
8599	9798
8600	647
8601	2769
8602	647
8603	17156
8604	26721
8605	26721
8606	10256
8607	62277
8608	177
8609	10802
8610	2325
8611	2325
8612	2325
8613	383
8614	383
8615	10411
8616	177
8617	62320
8618	177
8619	5408
8620	2700
8621	2700
8622	5008
8623	4116
8624	1984
8625	1984
8626	1984
8627	1984
8628	1752
8629	1752
8630	3473
8631	4892
8632	5113
8633	1984
8634	1984
8635	1969
8636	10898
8637	5230
8638	5230
8639	210486
8640	158
8641	28291
8642	11402
8643	11402
8644	177
8645	177
8646	126
8647	1752
8648	446
8649	93
8650	435
8651	1475
8652	965
8653	965
8654	10478
8655	5598
8656	534
8657	446
8658	1752
8659	1752
8660	810
8661	810
8662	10474
8663	10474
8664	446
8665	446
8666	446
8667	1623
8668	446
8669	446
8670	62807
8671	62807
8672	810
8673	446
8674	534
8675	534
8676	5421
8677	5421
8678	5421
8679	51341
8680	810
8681	648
8682	534
8683	212304
8684	1807
8685	1807
8686	1807
8687	35637
8688	106
8689	336
8690	10837
8691	1807
8692	446
8693	446
8694	35734
8695	35734
8696	446
8697	1065
8698	106
8699	5680
8700	20429
8701	20429
8702	111299
8703	167750
8704	69
8705	1221
8706	976
8707	976
8708	976
8709	285
8710	3197
8711	19050
8712	158
8713	148
8714	810
8715	976
8716	810
8717	810
8718	1828
8719	1828
8720	653
8721	158
8722	5066
8723	1359
8724	810
8725	810
8726	976
8727	285
8728	534
8729	285
8730	158
8731	27440
8732	976
8733	976
8734	976
8735	10996
8736	126
8737	285
8738	534
8739	534
8740	28460
8741	10610
8742	10610
8743	10610
8744	177
8745	5193
8746	126
8747	534
8748	1288
8749	1288
8750	11176
8751	62397
8752	177
8753	11176
8754	1288
8755	1288
8756	126
8757	126
8758	5248
8759	5248
8760	1521
8761	62081
8762	1521
8763	534
8764	1138
8765	1138
8766	1138
8767	1138
8768	663
8769	691
8770	1243
8771	1243
8772	1629
8773	1629
8774	1629
8775	285
8776	1629
8777	285
8778	691
8779	691
8780	1243
8781	1629
8782	4473
8783	4473
8784	663
8785	285
8786	285
8787	127
8788	126
8789	303
8790	1647
8791	1647
8792	126
8793	1647
8794	126
8795	1647
8796	521
8797	521
8798	30653
8799	30653
8800	857
8801	3145
8802	197
8803	197
8804	729
8805	729
8806	729
8807	11214
8808	663
8809	5108
8810	857
8811	4109
8812	4597
8813	1524
8814	1524
8815	10817
8816	658
8817	663
8818	34865
8819	34865
8820	159
8821	159
8822	658
8823	658
8824	658
8825	729
8826	534
8827	4182
8828	35142
8829	35142
8830	27620
8831	381757
8832	11
8833	11170
8834	1454
8835	663
8836	1111
8837	1111
8838	1111
8839	1111
8840	1454
8841	10403
8842	1454
8843	1117
8844	663
8845	663
8846	34955
8847	34955
8848	1002
8849	534
8850	658
8851	658
8852	760
8853	1002
8854	663
8855	663
8856	1002
8857	4387
8858	1002
8859	55282
8860	10444
8861	10444
8862	36741
8863	36762
8864	11
8865	34851
8866	1002
8867	1002
8868	11184
8869	11184
8870	64711
8871	8003
8872	11
8873	35081
8874	11
8875	663
8876	663
8877	126
8878	126
8879	4550
8880	126
8881	5736
8882	5736
8883	5736
8884	126
8885	126
8886	126
8887	126
8888	1
8889	30702
8890	126
8891	6050
8892	5736
8893	5736
8894	5736
8895	325004
8896	174
8897	1
8898	218
8899	218
8900	655
8901	1556
8902	1556
8903	1379
8904	1172
8905	715
8906	1172
8907	823
8908	1025
8909	1025
8910	27779
8911	27779
8912	363
8913	1486
8914	1486
8915	1486
8916	766
8917	766
8918	534
8919	534
8920	6122
8921	1172
8922	10392
8923	598
8924	10392
8925	5483
8926	534
8927	534
8928	766
8929	823
8930	363
8931	363
8932	1172
8933	1172
8934	1025
8935	217218
8936	766
8937	5761
8938	766
8939	5748
8940	828
8941	828
8942	828
8943	218441
8944	1010
8945	766
8946	36377
8947	36377
8948	1010
8949	1211
8950	846
8951	846
8952	1010
8953	1025
8954	1010
8955	5849
8956	1025
8957	1025
8958	99
8959	326548
8960	11
8961	766
8962	766
8963	766
8964	766
8965	766
8966	766
8967	99
8968	174
8969	467
8970	766
8971	1025
8972	766
8973	766
8974	766
8975	766
8976	174
8977	174
8978	5776
8979	5776
8980	766
8981	766
8982	35374
8983	35374
8984	766
8985	54974
8986	174
8987	31197
8988	447
8989	447
8990	796
8991	1001
8992	766
8993	796
8994	174
8995	174
8996	250
8997	250
8998	250
8999	5335
9000	231
9001	34779
9002	231
9003	9691
9004	1205
9005	774
9006	774
9007	18446
9008	136
9009	312
9010	5212
9011	5212
9012	718
9013	718
9014	20072
9015	20072
9016	20063
9017	18621
9018	6093
9019	312
9020	6043
9021	9568
9022	52081
9023	20255
9024	201
9025	136
9026	3118
9027	4278
9028	344
9029	269
9030	1483
9031	51703
9032	3264
9033	876
9034	3264
9035	3264
9036	344
9037	344
9038	1300
9039	1300
9040	105
9041	20355
9042	20355
9043	20355
9044	201
9045	69
9046	31193
9047	10725
9048	1476
9049	363
9050	3481
9051	18647
9052	3481
9053	3481
9054	510
9055	510
9056	1299
9057	1368
9058	1299
9059	1299
9060	368
9061	368
9062	368
9063	174383
9064	5705
9065	12184
9066	1299
9067	363
9068	10537
9069	5689
9070	3238
9071	20116
9072	5705
9073	5705
9074	1299
9075	1299
9076	1299
9077	1299
9078	5857
9079	5857
9080	3101
9081	31036
9082	4141
9083	64070
9084	1304
9085	1304
9086	11905
9087	5857
9088	378
9089	6643
9090	5999
9091	5999
9092	66666
9093	66666
9094	66666
9095	10629
9096	11
9097	38492
9098	11
9099	221274
9100	121
9101	121
9102	8932
9103	8932
9104	732
9105	3089
9106	3089
9107	3089
9108	370
9109	370
9110	116
9111	1327
9112	1385
9113	676
9114	732
9115	3149
9116	18694
9117	4243
9118	4243
9119	11876
9120	165
9121	8810
9122	732
9123	732
9124	3096
9125	3096
9126	5988
9127	4320
9128	298
9129	66876
9130	165
9131	3090
9132	3091
9133	3091
9134	3091
9135	370
9136	130
9137	177
9138	177
9139	177
9140	734
9141	734
9142	3525
9143	3525
9144	130
9145	5648
9146	177
9147	11393
9148	66675
9149	66675
9150	18615
9151	118442
9152	643
9153	338
9154	338
9155	1458
9156	298
9157	298
9158	298
9159	37108
9160	3350
9161	3517
9162	4159
9163	130
9164	820
9165	820
9166	67303
9167	67303
9168	378
9169	6817
9170	19123
9171	5183
9172	506
9173	298
9174	11250
9175	11250
9176	71
9177	378
9178	478
9179	478
9180	1846
9181	1846
9182	66381
9183	66381
9184	815
9185	10501
9186	378
9187	378
9188	478
9189	478
9190	4118
9191	71
9192	815
9193	67561
9194	815
9195	1278
9196	1406
9197	1406
9198	1406
9199	6829
9200	5220
9201	1957
9202	10065
9203	3612
9204	3828
9205	3828
9206	4021
9207	5680
9208	28917
9209	66198
9210	9927
9211	53098
9212	116966
9213	116966
9214	117607
9215	706886
9216	250
9217	319
9218	815
9219	815
9220	1198
9221	154
9222	154
9223	3769
9224	4058
9225	5962
9226	277
9227	298
9228	1444
9229	1444
9230	4014
9231	4014
9232	703
9233	4058
9234	506
9235	506
9236	178
9237	178
9238	1444
9239	1444
9240	703
9241	18837
9242	703
9243	176320
9244	4120
9245	1444
9246	1444
9247	397502
9248	178
9249	6643
9250	703
9251	703
9252	371
9253	371
9254	298
9255	11096
9256	178
9257	67577
9258	126
9259	766
9260	737
9261	475
9262	475
9263	1476
9264	178
9265	298
9266	298
9267	378
9268	126
9269	126
9270	4290
9271	4290
9272	1449
9273	830
9274	1449
9275	830
9276	1628
9277	1628
9278	36924
9279	36924
9280	202
9281	1449
9282	1449
9283	1449
9284	178
9285	126
9286	126
9287	226726
9288	37117
9289	6762
9290	10523
9291	178
9292	10523
9293	10523
9294	1628
9295	1628
9296	706
9297	37117
9298	6966
9299	6966
9300	106
9301	106
9302	703
9303	703
9304	832
9305	3205
9306	293
9307	28828
9308	1048
9309	1048
9310	9333
9311	17415
9312	841
9313	3584
9314	3276
9315	293
9316	293
9317	1048
9318	1048
9319	12178
9320	841
9321	18553
9322	841
9323	19267
9324	31782
9325	31782
9326	919
9327	10921
9328	177
9329	362
9330	3239
9331	3239
9332	3902
9333	356
9334	356
9335	177
9336	177
9337	1048
9338	177
9339	6892
9340	3565
9341	3565
9342	5775
9343	178835
9344	362
9345	66083
9346	359
9347	359
9348	1004
9349	1004
9350	1026
9351	32133
9352	445
9353	67066
9354	359
9355	1229
9356	359
9357	1004
9358	640
9359	640
9360	445
9361	4879
9362	869
9363	869
9364	359
9365	359
9366	1004
9367	1004
9368	1004
9369	1004
9370	445
9371	11040
9372	276
9373	276
9374	276
9375	640
9376	706
9377	6653
9378	1277
9379	1277
9380	860
9381	860
9382	860
9383	361
9384	706
9385	38501
9386	706
9387	1004
9388	7083
9389	7083
9390	841
9391	11925
9392	362
9393	7083
9394	7083
9395	7083
9396	706
9397	706
9398	38601
9399	56183
9400	691
9401	19607
9402	841
9403	19754
9404	3674
9405	4966
9406	4966
9407	11295
9408	362
9409	357
9410	3496
9411	3496
9412	874
9413	874
9414	207
9415	1886
9416	178
9417	447
9418	178
9419	447
9420	874
9421	874
9422	19637
9423	4878
9424	202
9425	11386
9426	11386
9427	11386
9428	362
9429	706
9430	4018
9431	4018
9432	4984
9433	207
9434	956
9435	12123
9436	956
9437	956
9438	37362
9439	37362
9440	885
9441	30363
9442	202
9443	362
9444	640
9445	640
9446	640
9447	38808
9448	1156
9449	1441
9450	463
9451	29745
9452	78
9453	78
9454	78
9455	408188
9456	1156
9457	1156
9458	1156
9459	1156
9460	463
9461	78
9462	462
9463	462
9464	11883
9465	1156
9466	1563
9467	230090
9468	1563
9469	1563
9470	69563
9471	69563
9472	12
9473	11905
9474	1004
9475	1004
9476	706
9477	706
9478	706
9479	38238
9480	1435
9481	67807
9482	1435
9483	1399
9484	6276
9485	6276
9486	1156
9487	1156
9488	8
9489	8298
9490	1465
9491	1465
9492	8
9493	8
9494	6276
9495	6276
9496	8
9497	6198
9498	1506
9499	58522
9500	20326
9501	20326
9502	20326
9503	3947
9504	303
9505	202
9506	836
9507	836
9508	836
9509	836
9510	2314
9511	3641
9512	3347
9513	30067
9514	303
9515	836
9516	971
9517	971
9518	971
9519	37411
9520	3347
9521	3671
9522	1811
9523	1811
9524	971
9525	971
9526	68424
9527	68424
9528	1510
9529	6232
9530	3796
9531	303
9532	4250
9533	1456
9534	67820
9535	67820
9536	12
9537	8
9538	1904
9539	1904
9540	4969
9541	4969
9542	11925
9543	67609
9544	11925
9545	1439
9546	6354
9547	6354
9548	6354
9549	6354
9550	30405
9551	11816
9552	12
9553	68269
9554	68269
9555	38039
9556	1
9557	1
9558	8
9559	8
9560	362
9561	11412
9562	362
9563	12236
9564	706
9565	706
9566	6953
9567	6953
9568	706
9569	6953
9570	1194
9571	1194
9572	1194
9573	1664
9574	1664
9575	37784
9576	706
9577	7176
9578	706
9579	8960
9580	355
9581	355
9582	126
9583	37407
9584	706
9585	706
9586	1664
9587	1664
9588	143
9589	143
9590	12178
9591	1598
9592	1664
9593	37430
9594	1664
9595	1664
9596	1664
9597	113
9598	1729
9599	357
9600	201
9601	3696
9602	777
9603	212
9604	5335
9605	11295
9606	11295
9607	387
9608	1208
9609	1664
9610	42
9611	3383
9612	447
9613	447
9614	362
9615	362
9616	1208
9617	1408
9618	698
9619	698
9620	42
9621	447
9622	141
9623	1408
9624	1208
9625	1408
9626	1208
9627	698
9628	1604
9629	1604
9630	31365
9631	184495
9632	11
9633	1408
9634	387
9635	387
9636	706
9637	706
9638	706
9639	40637
9640	69
9641	12222
9642	11
9643	11808
9644	1213
9645	6401
9646	6401
9647	706
9648	1690
9649	1713
9650	1208
9651	1208
9652	990
9653	990
9654	7121
9655	7121
9656	1690
9657	1713
9658	1690
9659	39976
9660	387
9661	387
9662	387
9663	1410929
9664	11
9665	1690
9666	7107
9667	7107
9668	11
9669	69
9670	11
9671	990
9672	7057
9673	1713
9674	7057
9675	1691
9676	7057
9677	7057
9678	9040
9679	9040
9680	11
9681	7057
9682	40379
9683	40379
9684	11
9685	11
9686	6217
9687	8286
9688	9071
9689	5200
9690	40425
9691	7057
9692	40425
9693	40425
9694	39554
9695	39554
9696	310
9697	1450
9698	69
9699	69
9700	20805
9701	20805
9702	31069
9703	31624
9704	491
9705	71348
9706	491
9707	421322
9708	2043
9709	2043
9710	3930
9711	31191
9712	216
9713	491
9714	650
9715	650
9716	491
9717	764
9718	2043
9719	2043
9720	6111
9721	5913
9722	650
9723	11969
9724	650
9725	650
9726	237258
9727	237258
9728	1
9729	122
9730	1981
9731	451
9732	451
9733	451
9734	451
9735	764
9736	3
9737	7580
9738	3
9739	764
9740	876
9741	876
9742	1281
9743	1281
9744	3
9745	3
9746	7670
9747	7670
9748	3
9749	3
9750	1079
9751	1079
9752	876
9753	1104
9754	3
9755	507
9756	3
9757	3
9758	3
9759	11914
9760	370
9761	451
9762	3
9763	3
9764	1095
9765	1095
9766	1095
9767	1095
9768	177
9769	60501
9770	370
9771	3
9772	764
9773	764
9774	764
9775	238951
9776	121
9777	310
9778	310
9779	121
9780	121
9781	121
9782	40716
9783	40716
9784	3
9785	6174
9786	441
9787	8389
9788	124
9789	124
9790	1107
9791	1107
9792	121
9793	1161
9794	1161
9795	2003
9796	441
9797	124
9798	124
9799	121
9800	1106
9801	30958
9802	396
9803	210
9804	210
9805	210
9806	11745
9807	40129
9808	121
9809	6150
9810	5310
9811	5310
9812	370
9813	370
9814	876
9815	876
9816	1216
9817	3
9818	1216
9819	6867
9820	396
9821	210
9822	11462
9823	11462
9824	370
9825	1681
9826	1216
9827	1216
9828	1216
9829	1216
9830	210
9831	69686
9832	370
9833	11510
9834	121
9835	39940
9836	7118
9837	7118
9838	7118
9839	1681
9840	950
9841	370
9842	912
9843	712
9844	1053
9845	1053
9846	1053
9847	1053
9848	1053
9849	587
9850	950
9851	950
9852	6299
9853	6299
9854	6299
9855	240984
9856	1
9857	6341
9858	177
9859	177
9860	398
9861	1053
9862	1053
9863	1053
9864	3
9865	39944
9866	3
9867	1201
9868	441
9869	124
9870	40186
9871	40186
9872	3
9873	1216
9874	1216
9875	1216
9876	441
9877	441
9878	124
9879	124
9880	3
9881	6562
9882	3
9883	6574
9884	1216
9885	441
9886	441
9887	203928
9888	11
9889	6084
9890	7919
9891	7919
9892	7919
9893	7919
9894	10102
9895	10102
9896	11
9897	204179
9898	11
9899	32811
9900	6134
9901	6134
9902	11571
9903	11434
9904	376
9905	370
9906	121
9907	121
9908	1216
9909	1216
9910	6100
9911	664
9912	376
9913	386
9914	376
9915	1133
9916	1133
9917	1133
9918	1133
9919	40824
9920	318
9921	376
9922	10929
9923	10929
9924	121
9925	121
9926	121
9927	1216
9928	121
9929	1216
9930	370
9931	10839
9932	370
9933	121
9934	6300
9935	6300
9936	1099
9937	6270
9938	6270
9939	9512
9940	318
9941	318
9942	1074
9943	1074
9944	1074
9945	1074
9946	1074
9947	1216
9948	787
9949	787
9950	521
9951	6149
9952	1099
9953	7808
9954	1099
9955	1099
9956	121
9957	177
9958	177
9959	5483
9960	1099
9961	6188
9962	1099
9963	6518
9964	6371
9965	6371
9966	9989
9967	61292
9968	124
9969	1769
9970	40130
9971	40130
9972	1216
9973	1216
9974	40415
9975	60312
9976	441
9977	126
9978	124
9979	4939
9980	7732
9981	7732
9982	7732
9983	242152
9984	177
9985	825
9986	6043
9987	6043
9988	1769
9989	1769
9990	1099
9991	1289
9992	7734
9993	1321
9994	10025
9995	5212
9996	33942
9997	33942
9998	1769
9999	1769
10000	2369
10001	14877
#count=10001	#first=1	#last=10001